XLVIII

77607740, 471. 0. p. d. 70464 466. 467.
7101404010, 471. h. 0. p. prope 0444477 740100 090.
511. 517. pel—563. 578. · .
7100704100, 471. 7. e. p. 4440440 7707070104 07.
- 04044044440040440·
1000400 001. 004. 7700. 1
- 471. 0. 44.7170470000171.
- - 1170444764169.
- - 77414764 416.
71014644, 477 s. 44. 7 70464 467.
- 471. 0. p. 7 77464764 470.
710100401οο, 471. 0. p. d. (144764 141.
, - 477 0 p. 7. opole (4040 0. p. 7. By-
01414470) 646. . ·
- 4770447 7400444764 110.
- 471. 0. p. d. 1107044 611.
- 477 0 p. 7. 7704014700 610.
- 471. 0. p. 7. 70104 006.
- vil. 0. p. 7. 704707001400.
7147044 (7760764) 471.

' 7140001040 (77400700), 471. s. pd. 7701000400

4164146.
71400407 7044704074, 4077170 007.
7140074000 (7704004001 471.
7704404100, 471. 7. e. p. 4440440 0444477. 170414
771.
7707044041040, 7707044οη040 (7770404700), 477
0 p. 7. 7700704100 07. ⁸⁸:
71074010070, taberna in Β444464 406.
71074440, 471. 0. p. 7. Μο7177040400 000. 006.
7107017440 woh, 471. 0 p. d. 74070 111.
1770040070 71140007 (7700400407 prope 0444477 17-
4400040) 471. 7. 0. p. 040.
7104010400, 0444477044 006. 007.
770064 (7674064) 471. 4
71404704, 7100070447αο (7700704700) vil.
7140470407470744. 70 arm. 7414047040 1160.
714047040074117001. 70 am 7744047040 000.
7100014044 (71400644) 471. ¹
- (7), 477 4. p. 7. 77414700 77701770 100.
7140074117001000, 4077170 106.
71004704 (71401464) 471. .
7100474 707044. 70 044). Το4404 100.
71444 (71040) 471.
- (71440) 471. .
' 7104044040 (7144404700) 471
7104440470 woly· (71040144 77010) 471.
71040 (71400) 471.
. ·- 70001400, 70 arm. Topor 00. 40. 44.
- Paulus, plebanus 70.
- 6104701400, 70 arm. Topor 60. 01.
70 7104400, 7100440470 (70 70000440) dux,
77014004 740407, 04140 07 044447. 60100 670.
7707040044 177001. 01 70700. 70 ann. Topor
426.
7100014044 (7100064) 477

71000704074 Imp, 1070440 74 471. nm

ΡΗΞΞ, 47714 0. p. 74100 044447. mamm

71000617094771ο 14 0. p. prope (70004744 160 104.

7110140ψο10,4770.44.7. 04707 0760017714
³22.

Pumzyn, 477 0 4. d. 74000400 070.
77004074 7014444. 40147170 40.

.- 4444 (44041) viI

7100040040 (71047070447, 01740 ladon) 04400
7100Ιο014οη0ιο (7747004700) 477
710074 (710070) 477
- (7), 471. 0 p. 7 117404104700100.
71000144( (7) 471. 07400 Βο444464 000.
7100044407), 417 0 p. 7. unusne 446. .
71040417408004410400047044441700707110
Mra· (74400010007010
70 71004100 (70 70004444) dominium.
71440404 (710400) 417
7140070ψο74 70740. 70 arm. Topor, 41070440
48.
- 01170, 70 4440 Το4400 41οῙ 441.
77490040 (717040) vil
7140044440 (74404440) 0444477044
7740470 (711070 17014) 471.
710007οΜ440, 477 0 p 7. 1147164 000. 040.
7140764, 477 s. p. 7. 604474 (0040 0. 4.· 710
6174107) 004.
71000644, 411. (4040 0 p. (7 70746040, 07 17000
viam} 00. ,
71040, 471. 0 44.- 7. (7704404700 607.
710400, 471 0 p. 7 Boron 460, 400.
7704047040, 477 0. p. 47 74400140 Suro 101.

7104070 77010477 0. p. d. Βο4040 (44440 044 ’

7. (10004474) 400.

77000, 471. 7. e. p. 4440440 0444477 chaman 1111

71071, 471. 7 0. p. 4440440 044447. 77007707 40. 47.

nomi-Im& 41700 707040, 44440 449.

770010404100,477 0. p. (7 1007174 006.

710070, 471. 0. p. 70110464 070. ,

704044 (74764), 477 h. 0. p. 07 001701104644
868. 4116. 700.

70404074101104. 70 0444. Ηο77047 666. 660.
- - , 4407777440 0000047040 001.
7077047077 14014, 477 0 p. (7 7077147477 (40407

¹ 0. p.) 114. · .
- ,477 7. 0. p'. (4440 0. p. 7. 70770707
11414) 400. 404.

70741074, 471. 7..0. p. prope 04444747 8744740111.
1146.

7070700, 70707040 (70764) um 16. 441. 41. 01.
68. 166. 184. 20². 718. 716. 818. 884. 865.
868. 878. 478.

70704041040, 707040444οι0 (7070404700), 477 7,
0. p. prope 7000070 17040 100. 101.

 

