XVIII

ι 1

001001000011010101100. 000.

, 001000, domus 0011111001 010.

0010000000 (0010000) 111.

0010001010 00 0101. 1100100111 30.

0010000000 (0010010110) 111.

0010000101010101101 (0101001000 1111010) 111.

0010001100 (00100100) vil.

0010010010 80001101 (0101001000 1101000) 111.

0010010110, 111110. p. prope 0001110111010 07.
(10.

001011, 111. 11. 0. p. 10101 011000 0011οο10001ὶί
048. 571. 1171.

0070010, 111 0. 0. 0ΙΙ 11000110πί00 100. ”

00100100, 11101000 0000001111οω 310.

00100100, 111 0. p. 0. (1011100000. 000.

, 00100100010 11010111 0. 0. (1 1100001 014.

00710111001110. 0. 010110100011100 00.
- 111 0 0. d. 1110110110 (0000 0. p 0.
1110111011οο) 104.
001001000 7111010 et 10101000, 1110. p. 0. 110-
000011000 010. 000. “
00701100, 1110. 0. 0. 11000000 01.
00010010, nobilis 100.

Δ - 000110. 1000101100 001.
0010 01100 01011001 (01010100) 111. -
Ι - (1101001000010), 111 00. 0. 0110110010

100.
0010 (1101100010 0010) 111. 0.’0. 0. 11000110 01.
- ((1610 1100010010), 011 h. e. p. 01000000.
- 0001101011 101. 100.
0010 (Ζο010011010 0010) 111. 1. 0. p. prope 1100·-
’ 0101114.
¹ 0010111. 0000110 0. p. 01110101000300.
- 011. 0. 0. 0. 810100οἰ0 100.
- 111. 0. 0. 0. 1001000 447.
-- vll. 0. p. 0. 1110001100 110. .
- 111.(1)11.101.
00100, oppid. 000. 070.
0010001000, 00100000010 (0010000100) 111. 0. p.
010010 000. 000.
001000010 (00100000), 00111100 00 011011010101070.
00100100,111. 1. e. p. 01000 011001 100. 404.
0011 ((1010) vil.
0011010ηο (0011001000) 111.
001101οι0 (00100100) vil.
0011011110 woly· (00100010 11010).
00111100 (001011) 111.
0611100) vil. 0. 0. 0. Β110110 131.
- (1) 111. 0. p. d. 0100010111 000.
3- vil. 1. 0. 0. 11001 000.
- 111. 0. 0. 0. 1100101110 170.
- 111. 0. p. d. Ρ1001011100 100.
- 011.0.,0.0.1110011171.
- 111. 0 0. d. Zielonlu' 140.
- (00110 1100010101010) 111 h. e. p. 41. .
- Iohannes, 0100110υο011υο 170.

(001110 (00110) 111 0. p. d. [10010010 170.
-’ (00111) 111 0. 0. 1101010110 404.
061110 (001110 111 0 0. 0. 8110000110 400.
- 01100 10 11000110 010.
00100 (00100 11101), 111 0. 00. 1101100100 110.
00100 woly· (00100 11010) 111 0 0. 0 0100
100 ⁴2⁸. 42⁹.
00100 (00100) vil. 0 0. 1001001000 400.
0010110 1110(00(1)111 0. 0 0 8110010011 001.
0010 10101101 (0010 1110110) 011 0 0. 0 (1010110.
00110 404.

⁵ 0010, (1010 Superior ((1010 11000110), 111 11 0

p. 01000 zavichost 010. 400-401. 101.
0010, vil. 0. p.. 0. 001000 040.
- 11111. e„ 0. 01000 11001011 70.
- (1) vil. 1. 0. p. 00.
- (1) 10 s. 0 1101010101 110.
001000, 0010000 (0010011111. e. p. inter 10
0110010 et 0101100100 0001 000. 011.
001001οι0 (00100100) 011.
0010110110 woh, 0110 0. 0 00100 001.

’ 0010000110 (0011011011) vil. 0. 0. 0. 000000 440.

0011100001 (0011001000) 111

00111000 (0011000) 011.

0011110111, 011 1. 0 0. 01000 000. 1100000014οκ
411. 401. .

00111001, 111 0 p. 0. Brachia 100.
- 011. 000110101001000. 000.
- 011 0 p. 11 1110110110 100.
- agri 10201110οἰ010 100.

0011100010 0001110 110.

0011010,οὶ 0. 0. 0. 0111100101 110.

0011000000) 1110100 1101010011 400.

0011110010, 0011110011 (eorunm), vil. 0 p. 0
0101011101. 400.

0011000000, vil. 0. 0. 0 0110011000· 0001 001.

00110000 (0011000) 111 11 0. 0. 01000 00000011
rim 112. ³⁴1. 154-050. 801. 802. 417. 411.

00110000 (0011000) 1110, 00 01110011 400.

001100100010111101010040. ’

0010010110 11001000 8010011010 00 0101 01010·
100 000.

00110000 (001011) vil.

00000000 (Gom) 111. et 0010

0010110000, 011 11 0. 0. 0100000010. 1100100
004.

00001110, Goffly 00 0101. 11011110 000. 001.

000010000100110 (10 nm Β100111101 030.

00000οη0010 (0000110001) 111.

0001010010 00 0101. 111001οῃ presbyt. 74.

00011010 (0011100111 ’

0000111000ψο, 011 11 e. p. 01000 000. 11100100
27⁰. 2⁷1.

0000010010 (0000000) 111 ·

00010000 (Omen) 111 ·

0001111100ιο (00010100) 111000 1000010οι10 001.

 

