,xxx .

1116166166, oppid. 1116. 111.
1666166616 (116616166611) (16 arm. (1161 613.
1166611116, 611. 6. 6. (1. 8161661166 76.
11161616 (1166111) 611
11166666 (1166116) 611. o. p. (1. 1116666166 144.
1166661166, 611 od (1666616111 16.
- (16661166) 611.
1166666616 (1166166116) 611. 6. 6. (1. 1611166 316.
341. 3411. .
11166666666116 (1166666111) (16616116611161166 66.
111666 (1661111. 16111666 361.
1166611666 (1161661666) 611.
1116616, 611. 6. p. (1 1661661666 164.
1116666166166111 Μ611661111376.

« 1116161666, 611. 1. e. p. propo opp. (1161416 366.

· 11166111, 611. 1. 6. p. 61666 6661. 1611166 466.
“miiaiin (1166666111) 611.
1166616, 611. 6. p. (1.166116611166361.

’ 1166166166, 611. h. 6. 6. propo 1161616166 66.

69.
116666616, 611. 6. 6. (1. 11666116 661.
1116616666, 611. 6. p. d. 8616166413.
166661661666, 1666616666661), 611. 66. (1.
(1611166 636. 336.
16666666, 611. 6. p. (1. 11666666 176.
- (1) 611. 366
11166166, 611. 6. p. (1. Τ6111666 33.

· 11166616661666(1166161611166) 611. o. p. (1. 116611-

6666166 336. 466. 461.
1116666666 (11666166), oppid. 611 fluv. 11666116
1661116621111666166) 611. 6. 6. (1. 1161611316 36.

- Antiqua (11666166 81616), 611. 1. 6. p.

propo oppi. 11666166 212.

11166661661666, 1166661666666 (1166666πὶ66) 611.
h. 6. p. 16116 cracoviam 61 Τ16611111666611
11661116616(11166616116) 611. 6. p. (1. xio 116-
1166116116, 61166. d. Moigiew 661.
166661661616 (1166616166), 611. 6. p. (1. 11166616
1166111166 (1166616116) 611.
11166616,611.1.6. 6. 61666 6661. 8166111611.
1116111166 (8111661166) 611. ·
1116161(6,16666111 611. 1116166666 466.
11616116, hortus in vil. 01111166 467.
1616166166, 1161661666666 (116666166166)
1161111666 1116166 (1166166611616) 611
1161666661666 (116616166166) 611.

-1 Major (116616666166 111611116)
111666611ιᾷ61( (0116616661) 611.
16666666), 111166. ooo.

’1116616666 (11161666) 611. ’

11166611 (8116611116) 611 ,

1666111661ᾙῆ

Kozyoohowff), 6116. p. 1Β661616166 1611161114
556. ’

1116616616, 611 6 6. (1. 81661666 136.
- 611 6 6. (1. 1116116616 167.
1166661666616 (1166666616), 611 6 61116·
6166166166131. ,
1661166616111 (1666661616), 611 o. 6. (1116
c 0 117.

1166166661666 (116616666166) 611 11 e. p. 611116
1166161. ord. Ρ166111611611. 61666 11116661( 336
676. 467. “ -

116616666166, 611. 1. 6. p. 61666 6661 1116 476.
476. . ’

1116616666166 Minoo (1661666166 16161611.
p. d. Krzyoanowice Wieikio 131.

1661666616 witino, 6111 6. 6. propo Booioio
130. 131.

11166166666111 (16 6116. 1161116, 66116161 sudomir.
475. '

1166166611616, 611. 6. p. (1. 11661661( 476.
11661661 (16116) 611. ,
1666661666, 61666 in 111 1666116 316.
11661616, 611. 6. p. (1. 11666116 Stare 161.

- - 86616166 461. 466.
11661666 Paulus 444.
1166116 Jooobuo 314.
1166661( Martinus 463.
116661666661666 (866116166166) 611
16661666666666 (866116166666) 11611166.
11616611, 611. o 6. ,(1 1616166616 66.
—- 611. 6. 6. (1 111661 (nuno 6 p. (1. 166-
61116) 341. 643.
1111116116, locus in 611. 111666661ιὶ66 316.
11616 (16 61111.-16611661166 66. 69. 66. 164.
1111166666, 611. 6. po 81661116 111.
161111(1),6116. 6. (1. (166111616111666.
116166, nobilis 666. 611. 446.
16666616616 (1666666616) 611.
1166661666 (11111166) 611. 6. 6. (1. (1166 111 113.
1661666 (16166666) 611.
16666, 611. 1. 6. p. (116116 6661611111) 476. 477ζ
666661. (111116), 611661. 6666666161
492.
11166666(1)611 637. Α
«ommam, vo. (16.1 61616616) ooo.
25· .
1616661166 (16 61111. 8166111666 647.
1161666 (16 arno Rowo 617.

166666666666116 (1616666611) (16 orm. 8166611·

(16 1111116616 ((16 11116666111611116616
16166666-366. 661. ·

116166, 611. 6. 6. (1 11116166 166.

 

