1151111115, arma 57. 55. 55. 45. 43. 175. 139. 155.

155. 555. 515. 451555. 515. 555. 555.
1165111111 15551155, 515515551115.
115155151551115115115551 15 arm. 3111111111 357.
Nowowymky Ζ515155155 15 arm. 31111155 345.
11515555 (11511115) 51155.

· wydo (11155551.

Nyobmpow (111511555111) 111.

· 1155510515 1151151. 51111551 411.

Ν55515111511 (1115515165) 111.

11555151115515115 (11155551555111) 15·51111Ρ551155
115οοῦ535451 (1115551155) 1511511. 15 511111115551115

, - 1111155555) 511115.

· 1151151555 (1115551) 111. ¹

1155515515 (1115515555) 15555.
11555155115111155155511111111151555 Osiek) 39⁸1:

- 11555155555 (1115515555) 111.

- ,51155 0555151155(1),1115.·5.1.
3511511111 515. 511.

115515555511 (111515155111) 111.
115515155515 (1115151155) 111.
115111111515, 11551115555 (1115111155) 111.
115511515511151551111. Ρ511515 555.
. 1155155515 (111511115115) 111.
115511115οά1 (11151111511) 111.
1155551155 (1115551111) 111
1155515151515(1)111153. ’
1155515155515 (1115515πί55) 111.

, 115555551151551151511511.115111115 60.-
· Nyeponohowyczo (11155555511155)111

Nyepospwym (11155551511155) 111·

· 11555555 (11155515) 111.

Ν5555ν1555515 (11155511οηί55) 111

115555155555 (1115551151) 111.

1115511155 Maior (1115111511 11115) 111. ·

1155111555511, 1155115555511 (1115115555) 111

115511111501151111150111. ’

115511551551115 (1115115151115)111

115515551515 (1115155155) 111.

’11551155ιί515 (1115555155) 111

115515111151551111..155111511155 77. 154. 431.
- 1551111. 0551111515.

11551115555111515 (1115111511511155) 111

Ν551555155151151. 5511551. 111. (151555 33,
- , 5511551. 111. Ρ1551511155 541.

1155555551515 (1115155551) 111.

Ν555515511555, 115555151115515 (1115551οωὶ55) 5551.

1155515515115 15 51111. 1115515115 375. 371.

“ 1155515155515 (11155151155)111

115555151511115 (111551551515) 111 .

’ ,11551511 51511151. (1551111. 05555 551. 555.

1155551155 (1115551155) 111.

115555115115515 Μ515155111115111115511151150111.

’1155551155 (1115551115)51115.

115551155111111 (1115555165) 111.
Ν555515511515 (111551151155) 111
115551511111555151155 (1115551115) 51515
1155111515515115 (1055111515) 111.

’115511511511551 (11155115151111) 111.

1155555555 (111151115τό11) 111.

1155515555155115 (11151151515111) 15 51111 15115115
116. 131. ’

11551155115515515 (111511551511155) 111·

115515111111515 (11155511111111) 111.

1155111515 (11155161) 111.

1155151115, 51115 111511515υεί5 155. ¹

nyozmnowyczo (1115155155155) 111

1155111555151515, 115511555115555 (1115515151155)
111 · ’

1155511555515115 15 51111.Ι 1151511511 17.

1151111515 (1111111611) 111

1155155515, haeres vil. 1115555511 519.

115555511515555 (1), 111. 5 p. 1 Ρ151111511155 355.

11551115 35515 (Β1515 1111115) 111.

11511115 (11111111) 111.

11511115 (1115115) 111

0.

0111551111. s. 5. 1115611351. 555.

01155111, 111. h. 5. 5. intra Zarnowiee 51 3555-
1155111535. 57.

15 0111511515, 15 0115511511 0111511155 555.

01111515 (Obice) vil.

0115511551(0111511611) 111 ·

15 0115511515 1511511. de arm. 1115111515 35. 97. ,

¹ Obmzow (0111511511), 111 h. 5. p. prope 3511-

(101111111 317. 335.-351-551. 356.
01151555515(01155511155),111 5. p. 111151115- ·

ἵ 513111315151111551115511.

0115551101 2555111515· 51111. Β155111111111 155.

0111115551 1511511 et Petrus, 15 5111101151151 575.
511. 554. ·

, 01151515 (Obice) vil.

0511511555,111 s. p. 1. 3511511111 115. .
05150155511, 05150555115 (0511555155) 111 5 5.
d. 155115 (1151151155.) 555. 555.

. 05155111 5. 5. 111151155111555. 339.
- 0515551555(1)511115355.

’0511111515 (05155) 111.

0511551115, arvus in 111Β555115 315.

’ 0515515 (05155) 111

0515551 (015611) castrum.

0515551155(1),111 5. 5. 1. 11155115 553. 333.

0155511551 (01551511, 01551115) 111 11 5. p. 515
pe 3115151151 555-511. 555. ’

· 0155511555551(0155151155),1115.5.1015· ’

0150111115ῗ901511511111 (01551161) 111

 

