444 '5

· 11411414 (1141114141. 4. (4. 1. 1141414414 (1111444 4 p. 1144114114414 1144414144 447. .
1. (11441141) 144. 1141144141, 411 h. 4 p. 14144 nomm 44 sp

1141414441 (11414441) 111 ¹ 1441444 oppi. 444. 474.

11444144,11411444 Nova (1141444) oppid. 414. 414. multtum 1111114411 4 p 1 11441444 444.
444. 444. nuptm! 14 am 1141144 11. .’

- Antiqua, vil. 14. 4. p. (41144 finita 41141 - 14 4444 114144 444.

oppido 11411414) 414-414. 444. - ,1444141144 et Smgneus 114 4444 11441

1144441411) clemens, canoni. 0444411414 44. 444.

¹ 4444114444 Magn· (11414441), 111 4.·(1. 111- ·· ,444444 4441114141 0444441414 444.
41444144 444. , -·- ,4411444 411 1114141444 434.

-· . hm (11414441), 411. 4. p. 1 1141· 444441441444 (Β441414144144)411
4144411411 441. 1144144444 (1), 411 4 p. 11Ζ414414414444444.

4414444414 (1114144444) 411. mmmmm, 1144411441] do 4444 ’14444 41. 44 ⁶

1141441111441 14Β14414414, 14 arm. Ρ44414444. 444. 447. 444. 444. 441.

,ι 1141144411), 411. prope 8441414144 314, 1144411444 (1144411444), 411 4 p. 11 811414 444

1141441141, 111. 4. p. 11. 1114144414 (nuno 4 (1.1. Ko- 414.
(4444414144) 4411. 11441411, 44441144 447.

11411144, 3414444414, nobiles 114 44144. 11411444 1141144944, 11411444 (1141414) 411 4 (1. 11144414

- ,111111114ζὲ11 (1141444) 44414 43. 44. Ι141141111141144414 1114 444.

, 120. 144. 144. 444. 44141141141141144141444 (44141114) 111114(
nadwnnowyezo (mdmowioe) 411 4. (4.1 111414- intra 11144144 et 11414444 (nunc 4 p 11044-
mm} (4414111141)14. ww ⁴1⁴3..) (11114111, 1 1. 4 1111111
1141114144, 411. 1. p. (1. 1144144414 474. 444. 444. 447. ·

· de Ι1444414411111441.14 44141.Η4141111414444. Ι1411111441γ444(11411114144) 411

1441144144 (1141114144)111. nawa, 44144 74. 444. 444. 444. 447. 111. 447.
4141444414414 1414141 (11411414441411414)111. 444. 444. 444. 441. 444. 444-414. 441. 444.
44414414144141444 44. 44. 414. 471. 444. 444. 444. 444. 447. 144114
4441411144,111.1.4.(1.(414(14 8111444111 4441 74. 144. 444. 447. 441-444. 444. 447. 444114-
441114414441 (1144114144) 411 444. 444. 444. 444. 447. 444. 471. 414.
1144411411, 411 4. p. d. Gomj (41144 14 4. (4.) 474. Murum 1444144 (14 4444 114444).
4414141444 (1414144144) 411 1141441441144 (11444144144)’411 4 p 11 141414(-
114111444414144 Petrus 44. 44. ’ 44 444.

1141414114, 411. h. 4. (4. propo oppi. 8144144 144. noym 114144 4111111144 (114144), 111 4 (41114

444. dom 144.

- 411. 4 (4.111114444144 44. 44. 11444114 (11414114) 411 4 p. 11 01414414 441.
1141111444411401414, 11114. 4. p. prope 444111 11444144 1114141444.

81411144 144. Μωμίημὰὓιαωοη 144.
11411γ4414441, 41144 4111444144111 444. - (1), 411 4. p. 1 84141144 74.
Β4ςο11(1),111 1 4. p. 447. 114γ114114444441γ(1)411444
1141444144 (1141144444), 411. h. 4. (4414444441. 11(44444, 111 4. p, 1. Τ411144 (111444 4. (411ὴῆ

0111 10. 99. 118.
11411441 144141 (1141441), 411. 4. (1. d. 1141144104 flqmbydm (1441141144) 411
11. ’ ndum, 411 4. p. 11 ’11441444 174.
11414414, ager 411 8441144 444. 1144411414) John 4411114 174.
1141441144· (1141444144) 411 41 0444441441 44. 1149111144, 111. 14 4 p propo oppia ssm‘·
1144114444 (amm) 411. 144.
4444114441444(1),411 4 (1.1. opiam 447. 114444111444411144441411444444144444174.
444. nanuum 411 propo oppiKmpioe 414
1141414441, methonen 111 1444444444. 14411(1)ηἰ1 14 4. p. 441.
1144144411 (1114414444) 411. · 14 Repu 1141441444, 4414441. 0444441414 441.

1144444441441411114144 (1144144444144 11414) 411 Ι114411114414144(1411114144144,1441141. 01444 477. j

1141144114 (11114444) 411. - Nicomedem 01444144. 144
1144441414 (1) 111. 4. p. 11. Κ444111444 174. - 1441444 Τ4441411, 14 4444 011414 111.

 

