XLII

1116116166, vil. 6. Ι6. 1. 16611666166 616. 661.
111611661611, 611. 116. 6. prope 8166611117.
1116116616166, 611 6. p. 1. 16161116 667.
1116666116, 611. 11. 6. 6. intro 8161116111 61116666·
6166 11. 161. 161.
111661666166, 611. 6. p. 1. 16616 666.
11166666161661616 6161. 11616666 61.
11166661666166, vil. 6. 6. 1. 16666666 166. 414.
11166661616166, 111661. 11616166 66.
1116666666, vil. h. op. 16116 26111 61116116( 666.
1116666161, 111. h. 6. p. prope (11166 66116.
117. .
11166666οηί66, 111. 6. p. 1. 0166116 (6666 h. 6.
6.) 166.
1116111161166, vil. 6. 6. 11161166 366.
1116111611 Duiy, vil. 6. p. 1. 0116661616 (666611
μ 66.) 616·
. 1116116666, vil. 11. e. p. intro 06161 6116166166
, 323-325. ’
1116111666, vil. 6. p. 1. 1116116666( 664. 666. 466.
151.
1116166166111. 6. p. d. 11616666 61.
111616166666166, 61166. d. 8161661666 666.
111611ιί6166 161166. 6611661. 111. Β61 66.
- 161166. 61 8166161 16 61111. 11661116
18.
- 16 11116161, 6666616 0166611611. 66.
91.
11166116166, 111. 6. 6. 1. 1161666611 466.
1116666116 Andreas, 6611661. vil. 8161616616646.
1116666ιὸ66, vil. h. 6. 6. 61666 oppid. 26116111
278. .
’ 1116661661166, 66611661 116. 164. 166.
1116611οωί66, 111. 6. p. d. 01161616671.
111661161616, vil. 6. p. 1. 86116166( 116.
111661611666, 611. 6. 6. 1. 1166166166 466.
Ν166ο616,61616 166. 116161. 666. 666.
1116116611166, 611. 6. 61 161666666 466.
1116661616166, 111. 6. 6. 1. Trzebinio (66116 66.
1. 0111161) 46..
111666661616166, 611. 6. p. 1. Ρ616616166 17. 77.
1116661166, vil. s. 61. 8161666666 76. 74.
Ν161116666166, 611. 6. 6. 1. Β161166166 166.
- 111611116611. 6. 6. 1. 016161 (nunc
6. 6. 1. Ρ6611111ό66) 116.
- 11616, vil. 6 6. 1. 0116161 61 Ro·
1161611116. 116. ’
1116666166 (1116661116) 61616.
1116161161(6,611 6. 6. d. 11116166 476.
1116ψί61616, 111. 6. p. 111166661161 117.
1116661611666166, vil. 6. 6.· d. Dzialoszyce 466.
111616ὴί1666, 611 6. p. d. 1166616166 666.
1116116166, vil. 66. 111116166611166 111.
mummi-20, vil. 6. p. d. 1116666161 117.
Niger Nicolouo 444.

111666 111116 (066166 11161), 611 61 0166661661 6.
111611161ιί 0666616611) orma 666. 664.

1111661 1161111116 Β6616 117.

1111111666 16 01666116, civis 666.

1111661, 666661. 611 1116116616 666.

1116611166, 611. 6 p. 1 3611661166 61 16 0116611616
16 1111115111661666 11661666, 16 6161. 1166 664.

1116116), 611 6 6. 1. 11161166 (6666 66611661 11. e.
p. 666. 666.

111666, 61611116 16611 11661666 416.

11166111, 611 6 p. (1. 1116661661 611.

11161161 (1), 611. 6 6. 1. 0111166666.
- ,111661 (many), vil· ⁶- 111· Tuezeox

466. 647.

116616166166, 66661166 466. ·

1166616666 (1166166661, 611 16 6. 6. 61666 86111·
6661 2⁸1. 1116. ⁴³7.

1166661 Petrus 61 1161116661 616.

116666666666 (1666666666), 111. 6 6. 1. 1166111116
(61166 6. 61 1666616) 666.

’1166616166 1161666166, Theodoriana 6116616166116

61166 666. -
11666661 16661166 666.
1161, 61616666 64.
116611 161166. 16 1161611161, 16 orm. Topor 664.
1166661( 1611611. Τ61611 16 6161. sanim 466.
11666666, 1116 6. 1. 11616166( 476.
116666 nicolaus 66.
11666611, 6661166116 16 116656666666 174. ·
11666 0161166(1166666116616 11616666) oppidum ·
11666 0616116666, Novo 16611666(061611661)611
11666 Ι16161(1)111 166. ·

¹ 11666 6661666 (Spa 116666) oppidum

11666 81116 (816616 116666) oppidum
11666 111116 (1161666161), vil. 16 6611611616 01666
vioe 6. 16.

11666 logon-tiozo (2616116666) 611

116666666616, 1166666116, 66611 61666 Ram

noxam: (1166666161), 111 661. 066166
(2111166166), ’611 6 p. 6 11666

1111166161), 611. 6 6. 1 Lisai
1111666166), 611 6 p. 1 11111666
1116666161), 611 6 p. 1 Olbio

' 16666166 646. 646. ⁵

(1161666166), vil. 6 p. 1 Tomos

1166661616616 11611166, 66611. 6111116. 11116 466.

185. 118. 139.

 

