’ 1111

0113331133, 01133311313,0311333111333 (Dum, 0111311133, 111 3. p. (1 1113133131 117.

33), 111. 1. 3. p. (3113331111.) 333-333. 333. 0113113131, vil. 3. p. 1. 8113313113 31.

417-430. t 0113113111, 111 3 11 1. 01111113 373.
0113313111313(031331311133) vil. 3. p. 1. Smin - 111 3131 1111111133 313.

433. - 111 3 p. 1. 11313131 (nunc 1. 1. 1.
0113111311 (03133133), 111. 3. p. 1. 1113131111 1311111113)133.333.

111.. 3133333. 133333, 31 313. 11333313 ’

0131131133 0313313330), 111. 3. (1.1. 011113- 133133 331.
vieo 333. 0333131, oppid. 331-333. 133. 333. 133.
01311, 31113 333. “ 0133113111 13 3131. 1113111313 33. 1
01311311 (03311133) oppi. Ι 0131133130313113311,313111(1133. (113331. 335.
013133 (01133) 111. 3131313. 1 - 03133113 13 3133 1331311133 331.
-- (1)111. 133. 11313. - 13 0311333333, praepositus 1113113113.
13 0131331333133, 333131. 033331. 3. 333. -
01313313 (0331131113) 111 0131113113 013131311 137.
01313311111 (0331133133 1), 3111 11313 13313 - v 13 2131133113, 13 3131. 131311 343.
334. 03331133 (0331311113. p. 1. 0113113133 33.
(13 0131331131113131131 (13 3131 11313131 333. 0111131, 111. 3 p. 1. 0113313 333-334.
, 0113113111 (3) 111 h. 3. p. 331. 431. 433. - 111 3 p. d. 3311311113 413. 313.

- (31111 3. p. 1. 3111133133 333. -- 11 31. (1. 33331133 33. 313.

- (01113113) 111 · 0111111111 woh, 111 3. p. 1 01133 371.
0131331313031311311313 (0111311131) 111 01133, 1111. 3. p. prope 8111111 111311 313333.
0131333111 (0111111111) 111. «133. 331. 434. 333. . · ·

· - , (0111133133) vil. 37 01133,111133.11.11313 11313133 371. 373.

13 0131313111 131311. deor. 1333 431. - arma„ 33. 31. 133. 311. 331. 333. 311- '

Dtmbwwtkm ager in vil. chm 113. ³⁴³. ³61. ³61. ³18. 881. ³81. 3111. 311313

01311111 (13 1113.. 11311 134. 131. 433. 431. 433. ((3. 333. 433. 433. (13-413.
- , 133131. 3113131311 133. 3 433. 131. 331. 333. 331. 313.

01311131, 0313113111 (0111331) 111 0131111 13 3131 Τ3131 50.

013113111113 3113. (111133. 3ο. 011131133113313310331113111133. 33. “

013111 (011113) 111. 0131113 13 3133 0113133113 333.

0131133111 way· (0111113111 11313) 111 ,0131111313 (1) 111 propo Lublin 133. ¹

0131113311, 0331113311 13 3131. 01131111 371. 01111311, 0131313 (0131311) fluv. 3. 31-33. 134.
373. 011111 113111 (0111131111), 111 3. 1. (1 03131(

0131113311,031111133111 13 133. 1131113311 33. 331-333.

³1³. 01311 1111111 (0131311131111 prope 81311 8133 ’

013113131(1)311 3 p. 1. 03313333 171. 333. ’
0131131311 (0331133133), 11131311 1131131133 011111 1111131, 31133 0133113133, 111 3. p. 1.
133. ¹ 113331133133 173.
013111, 331133. 01313311. 333. 431. 0111131311 (0131333) 0331131311 133131. 1113313·
0131331311 (1) 111. 3 p. 1. 01313313 311. 113 33, ,
0133313 (03131313) 111. 3. Ι1. 1. 1331133133 433. ,0111131111 (01111333)1331133133“(131113311111(133113.
01113, 111 3. p. (1 0311133133 333. , 1113313113 73.
- vil. 3. p. 1. 11311111 33. 34. 0131131311 (0131333) 131333333101333. 33. 313.
- 111 331113313133113 133. 133. 333. 311. 331. 313311. sandomir. 311.
- vil. 3. p. d. 1131133133 133. 133. 0111131311 (01111333) 111331. 13 0311133313 13 3131.
01113111, 3113113333 31111) 431. 333. 437. ’1113313113 413.
433. 0111131313 (0111131111),νῆ 313111313111113. -
01113131, vil. s. p. 1. 0133313 133. 01311331 (0131133) 11113 3. p. (31133 31311131·
-· 111. 3. p. 1. 0313131111 13. · brom) 333. -
- vil. 3 p. 1. 113111 1133 333. 03111313, 03111131 (0113111111) vil. h. 3.,1. 113
- vil. 3 p. 1 03111111 435. 1331101133111333. 313.
1111133131, vil. 3 p. 1. (1113131 111111. 11113 0311331111 de 31113 011333 333. 313. 333. 331.
111. 1110.
0111334131, 111 3 p. 1. 1311113 337. 0331311313 0133311333 (03133133) 111 313103· ·
- 111. 3 1· 1. 1011133111 333. 1111111133 333.
133313 11131 vomu. 4

 

