Lx

8110101000οο (811110οὁ11) oppid.
81010100,1100111 500.

. 81100010(811000)111 1. p. (1. 8011010 (011001.

p. (1 11101011) 100

81100100, 81011100 (81011100) oppidum 111. 100.
184.

. (1081100100 Petrus, baccalaureus 4.

8110οΙ00111, 8100100111 (10 0101. 1101100111155.
184.

811011ιο00111 1111011001, nobilis 015.

8111111011, 011. 1. p. (1. 0101101111 004.

81110100, 0101111 vil. 0100100110 898.

81110000 (80110010) 011. ,

8111081 (8110111) 1110. p. (1. 8111001011 510.

8110001000, ager 011 oppid. 80111110 888.

81101110, 011. 0. p. (1. opole 545.

8110100011 8100111. (10 0101. Βο1000 515.

8110110010 (81010010) 111. 0. p. (1 80100όο 818.

81010060, 011. 0. p. (1. 8001011100 1110110 144.

8110100100, 111111. d. 1011100100 518.

8101100001000 (1) 011. m}

81101110 111001 01111 (1011011100. 18.

. 8110111, 001100111181000111100100 54.

81010001οι0 (810100100), 1111. p. (1. 101011
878.

8101101011, 81010101111(810101011) (10 0110.Βο
10110 010-010. 001. 045. 110. 000.

(10 8101110111 801100 8100111, 00101100 400.
8101110111, 8101110111, 8110111111 (81010111) 111. 11

0. p. prope 1101101001οο 810. ale-820. 040,
010. 800. 080.

(10 8101110111, 00111100 (100101. 8010110 ale—³20.
³22. 848. 848. 888.

8110101111, 011 0. p. (1201061075. 818.

8100101010, 011. 01111. 8111000001 818. 881.
888.

8110010οι10, 0110. p. d. 80101010 (01100 1. p. (1.
1110000100) 500. -

8100100110, 011. s. p. d. Ρο10121011 018.

81101010, 011. 011. d. 1101100100 185.

8110ῃο00001οι0 (810011100ωο00) 111 0 p. (1.“
110μο100100 800. 801.

8111011160, vil. 0. p. (1.1110111001885.

811011οο1000, 11100 88.

8110100800 (8111100611) 011 11 0. p. prope Τιτ-
now 800.

8110100ὸο, 111 11 0. p. prope Ropaymos.
881.

, 01011101, 8111101. 1011111 01. 111. ’

sumno„ (0111001) vil.

8101100011, 1001101101 001111 01060 54. 55.
810800011οο (8101100010) 011

81001110, 011. 1. p. d. 811101010οἰ00 871.
8101160, 11101111. 1111110088.

0011111111 10111 10 am 11010110 111. 101.
188. 189. 874.

8100001000 (81000οἰ00) 011.
8100000ιί00 (81001010) 011 ’
81001000 (8100100) vil.
810010 (810010) 011

8100100110 woly· (8100111010 18010) 011
81001100 (8100110) oppi.
8100110010ιο (8108100100) vil.
81000111, nobil. (10 0110.Το1101 88.
8100000100, 810001οο0 (8101101010) 111
81001000 (81011100) 111
01110, 811010, nobil. 10 am 1101101100 101. 101.

188. 188. 274.

8101010100100, 011 0. p. (1. 1810110010 105.
81011100 (81011111) 1111
8101110101, (00110101 0110111 in 0001 S. 11011ιο 0.
811010, 100110 10 011 Ρ10110100100 414.
81000 (810000) 011. ·
81018100101111100101 Koraia 011.
8111100010 (8111110010) vil.
81011 (81111110) vil.

— (8101110) 011

- (8111111001) 111 11 0 p. 101110 1111010 501.

8100101010, 81001101001 (8100101010) 011 ς·- 8101110000)οῑ 11. 0. p. 501. κ

8100101010011 8100111 nobil. 001.
8100100011111001. (10 0101. 11000 501.
8110800000, 011 0. p. (1 81010100. 440.
8111011110, 1110. p. d. 11001όο 845.

811080110010, nobiles (10 arm. 8110110010 880.
81110010οἰ00, 0111. p. (1.11001 557.

81110010οι10 walt, vil. 1. p. d. 11001 551.

81100Ιό0, 011· 1. p. (1. 8111110110 71.

8110001810 1110100011 (10 0101 8010100110 404.

81100100100, 111. 0. p. (1 111160, propo oppid.
Pifirmhnic& 888. 880. 392.

81100100011 110 0101. Topor 91. 00.

8110111100 (81111111όο) 011.

8110111110, 011. 11 0. p. intra Dobczyoe 011101-
118111 188. 188.

(10 8111010 Ρο11110, 000100 100. 110.

81011000 (8101000) 111 .
(10 81011000 ,1011011 (10 0101 11000 555.
- - 111001 (10 0101110110 811400.

8101100111, 8101000111, (100110. 11000 014. 880.
888. 881. 545.

8111100011, 0110110110 4.
81111100 (81011111) 011.
81010001111100101. Leliwa 11. 81. 152. 171.
- (10011110101100.
8111111111 (1001011177.

- 811111.11081118881.882.
8111111000 (81011100) 011.
81110000, 81110011(8111110) 111
8100000111 (10 0110. 1101100 888. ·
8110100011100110,Το10180. .
81100101( 8100111000, nobilis 880.

 

