xxn

11111111 11 tm 11111 111. ml 1111111111 1111111117 11111111 (11111111), 111 1
. - amdommodmikfflm. pctopmvioemmnmffiuy·
111. om) 14. 11. 174. 171.
11711111111 (1111111111), 111 1111. 11711 sommia-(Q) 111. 1 p. Q 1111111111 411. 411.
0111111 1711111111141. 141. - ,(1) 111 1 p. Q 8111111111 111.
1111111,1111.1.111111111 11. - 7111111717. ,
1111111111 (1171111111),111. 1. (1.1 1114111- 1111111111111111111111111
1111 117. sumno) 111. 1 1 Q [1111171.

- 1111111111) 11 arm. 17111111. - (11111111) 111 1 1 1 11111111 471.

1111111111 11 1111.Τ1111 117. “ , - - 111 1111 1111111111· 111.
1111111111111111111111), 111, 1111111111 11 1111111111 (1111711111 111.

,110111 411, . 11111117111111 (111111111111) 111 1 p. Q ’111-
11111111111 (1111111111), 111 1. p. Q. 1171111· 11117 447

1111 11. 11111111111111 (111111111111) 1111 11111111-
, snkubowyozo (1111111111),111. 1 p. Q Lublin 17111171. 1111111 147.

117, 1111111Μ1111Ν11171(11111111111111)11111
1111111111 11 arm. 1111111 141. 1 opole 141. , ·
“111111111111111111111(711111111111 mmmm (11111111), vn 1 1 1 na ,

1. p. Q. 1117111111 111111 141. 411-411 1111111 411.
1111111111 (111111), 111. 11. Q 0111111 (11111 sonutam (smoniae) 711 1 Q Q 611
p. Q. 01111111) 111. 1111711 (nunc 1 p Q. 1111111117) 11.

“ 1111111111 (1111111111 1111111477. sananim 11 lomim, 11 1111111144.

111111γ11 (1111111171) 711 1 p. Q 8111111 141. 1111111111», vil. 1 Q Q GnoJ'no 441.

111111γ111114 (1111711111) opp. 111. 111γ11111(111111111)111 ·

1111111γ11111171111 (1111111111111) vil. 111γ11 (1111111) vil 17 11111

sanguen (1111117), 111 11 11. 11711 Olim: 17 111)7111111,11117111111(11411111111) vil.
Wolbrom 11. 17. 1111111111 (1111111411) vil. 1 1). Q 11111111 111.

11111111,1111.1.1 8111111111 (11111 1. p. Q 111γ4111111(1111111111)111
1111411111171. 111. summm-tynum 111.

1111111111, 111 1 ρ. 1 1111111111 11. 11. snnymhowyozo (11111111111) 111
- 111. 1. p. 1. 07111111 417. 411. 1411117111,1111111111111(11111111111)111

11111111, 111 11 1. p. prope Β11111 opp. 171-111. 1111111 11 m. min· 41.

411. 411. 411. 411. 411. 11111111 11 moa somno.

111111, arm ³1. 41. 141. 141. 141. 111. 111. 14111111 hm. 1111111171.

· 114. 111. 114. 111. 111. 141. 111. 144. 111. smmum, vil. 1 11 1. chotun 117. 174.
111. 111. 171. 111. 411. 441. 447. 411. 411. 1111111111 (1111111111) 111 1 1111111117.
411. 414. 411. 417. 111. 117. 111. 111. 111. 11111111111111111111111 111111 1171111171.
171. 11 sumum 1111117711 11. ’

11 111111 1111111111 presbyt 411. 1111411111, 1111111111 (11111171) 111 h. 171 pm-
1111111, 11111711111111111 11111 411. pe Puhwy 117. 171. 114.

11111111, vil. 1. p. Q 1111111 111. 111141111111(11111111111)111 1 1121111111
1114111171. 1. 1111111111111111. (11111 1 p. Q 1111711111) 111
1111111111, 7111111111 (saulum 11111111) 141111111111111111111
111 11 1. p. 117118111111111 17 011711 111. ,1111111441 11111111 11 8117111111), 1111111711 (hm
411. 111. ’ 111. 111.
1111111111, 1111111111 (1111111111), 711. 1. 11 sumum 11111 11111111 111.
mnino 11111 11. 11. 111. sarone-w, 1111711 et 1411111 1. 7.
1111111111 (1111111111) vil. 11 p. Q 11111111 117. 11 ,11111111 1111111111 17 81171111 477.
·-— Jmkowyoze (1111111111) vil» - - nobiles 1.
1111111111), civis 1111111111111 101. 11111111141111111111, 111 111 'ham
ε- 0111111. 111-114. 447.
1111111111 (1111111111), 111 1. p. 1. 1111171 1111111111) 81171111 111111. 111111111111.
111. samm, 111 1 p. Q 1111111111 117.
11117111 17 11171111 11 nrm. 017111 111. 11111111) 11 am 11111141.

111117, vil. 1. p. 1. Soleo 417. 411. 1111111111 (11111171), 111 1711 (111111 441.
1111111111 (16111, 111 1 (1.1. 0111111111) 111. 111. 444. ’

 

