lv

33 33113113 sigism. 1133111. Gryf. 137. 133. p 3313313111, 1111131133 p. 11. 3311111311 111.
’ 33111113, vil. h. 3. p. propo opp. Krosno 237. 33133111 (3311311) 111 3111131313 302.

- 11111113 233. . 33131 (331311)1113.11;(1.3331113131133 33. 53.
3331311313) 111. 3. p. (1. 1313331131 547. 33133311, nobiles (13 orm. 1313113133 33.
3311311111 (3311311111), 111. 3. p. d. 13131133 3313331111 (33133111)111. s. p. 3. 3311111413.

551553. 3313313111 rex 13131133 512.

333131111133313111111,11131. 331111- - 133131, 1311313111311 11. 111111. ’

cim (1111111 3113. Bobrek) 223. 311. 352. 431. 433.
33111 (331111) 111. 3313113111 (33133131) 111 11 3. p. prope 1111. 111·
(1333311113 1111111. 11331. eccles. 33111331. Cro- 313 317. 423. 433-433.

331. 4. 331311, 111 3 p. (1.33133111311 73.
33311111 (33311113) opp. 114. 123. 127. 133132. 3313311113313111111. (133111. 1131131334.

133, 253. 323. 3311331331313,33113311311313 (3313313111) 111
33313111313 Μ1131· (3331013103), 111. 31). (1. 113· 3011331111 (3313311111) 111.

11111111 133. 333111,11111543. 115. ¹
33313111313 1113131 (33313111331131313113), vil. 3313111133, 1113 1.(1813131133111 214.

11. 3. p. prope opp. 1131311131 553. 3313113111 (3111111131) 111
33311311313 (3331131133),·111 3. p. d. Χ131 ma· 801111οΜ111 soom 520.

1185. 37. 33. 33131( 31 Thomas (13 3113 11111311 70.
3311133310 (3311331311), 1113 p.¹ d. 11131311 337. - 111 prope cracoviam 23. 32.
· 333. 343. ··. 33111133 in 1111113131133 33.
333111311, 3331313111, 3333313111 (33121111, - 111. s. p. d. 0111113431.

1133111111) opp. 233. 453. 433. 431. 475. ooo. - 111 o. p. 3. 1113111111 171.
333131311131( (33131311) 111. 13 e. p. propo opp. 33111311, 1113. 1.(111131311333. 340.

31133113 133. ’ - 111 s. p. (1 31311313πί33 377.
333131311 Clemens, 33 nrm. 11311113 43. Bomonicae, Borkowycze (3311131133) 111 oo
33311131, 111. h. e. p. prope oppid. (111311 74. 111110113011811111133 517. 513.

103-111. 453. 33113131131111131 de 3111. cygnorum 517.

3331111113, 33 arm. 113213, episcop. 013331. 431. 3011111313) 337.
552. 331111(331111) 111. 3. p. (1. (1311131311133 401.

’ 3331311 (1) 11131111. 1111113251. 33131133, 111. 3. p. d. 1101313133 137. ,
331331, 3311331. 111 Doto 233. 331311, 11111. 3 p. 113133111333111311331131

3313113ρΒ111, 111. 1. p. 3. 3113111111 313. 313. 504-303.

-· - ormo. 313-320. 3311143343. 331311,1113.1.(1.111331131333.

534. 513. . - 111311.3.111313111353.330.
33 3393113 111331. 301133 203. 293. - 11131. (1311133111 545.
3311311113111313 (333113131133) 111. 3313113111 11. 3. p. 3311111. 11131313 402. 403
3313111311 1131313, praepos. 1111113131 432. - 111. 3. p. (1 01111313 334.
3311311313 (33111133) 111. 11. e. p. propo opp. - 1113 1111Ζ331011233. 433.

31131311 373. 415. 3313111 113111, piscino in 111 1113131( 543.
3313311313 (3311113133)1113.1.3. 1113331113 105. 33131111, 111. 3 p. 11 Lipnioo 140.
33133111 (33111311) 111 3. p. p. (1311131 541. 33111113, 111. 1. 3. p. 11 (1131313131 101.

- - vil. 3. p. (1. 0111131 133. 3313111111 1311111 de Lopuchow 443.

- ’ - 111. s. p. d. 331331311113 33113113 1311311. nobil. 533.

503. 331313113311113 p. (1111113113 33.

33 33131113313 1111311331, 3331311. 3111331111. 434. 3311111313(331311133)111
3311111311113,111313313111311527. · 31111, 3311133(1)11 111 11133131 344.

33131311, nobil. 503. 3311111113 (3312113111. 3 p. 11 1113131133 173.

3311311113 Τ1131133, 1131131. 331. 3311331131, 111. 3. p. d. 1111133111 545.
·’ 3311111 33 3111311113 433.. 33111311, 111 11 3. p. 1131331133113 133.

33111133131111. (13311111111111 114. 3311111313 (3311113113)111 3 p. 11. (1131113 445. ,

1 3313113, 111. s. p. 3. 31111111 553. 3311111311311, 3311331. 111133 11311133 444. 445.
- 111. 3. p. d. Soleo 574. 3311113111 (3311111311) 111. 3. p. d. 01311133 423.
3311311111 Gotho, nobil. 140. · 33111131111 31331113 11113111133111 41.

331331311313 (33133131133)111 11. 3. p. prope nonyoohkow (33111311) 111 3 p. (1. 17111111 ’

, (1133311111 3. 23. 33. 11111113(1111331.3.Ζ11111)573.

 

