. 044114, 44444 143. 333. 413.

10444444, 4111. 4. p. propo opp. 1144411143.
11.

04444440), 411. 4. p. 41. Soloe 373.
-· 1144444 34.

044444114144444 333.

0444414 Martinus 443.

0444444, 411. 4. p. 4141444444 343.

0411444444 (0411444144) 411.

04114444γ44444 (0444444444) 411.

xlx

044144 (044114) 44444

04414444 (0441144), 411 4 p. d. Szczekociny

441;144444444(444114444144) 411. 44441 By·

onwfflim 41144 14444141441441) 411. 4. p.
4. 044144 44114 11414144. ,

0441414441 44 4444111444414 474.

0441444144444 (0441444444), 411 4. p. 41Τ1444441

0411444444441444 41144 1111144144 (1411444144) 411. (nunc h. 4. p.) 334.

- 4. p.) d. 8444414444 (nunc 4. p. (1111441144
opp. 37.

’ 04444441444444.114444 73. 133. 334.

-· plebanus 434.
0444444144 (0444414144), 411. 4. p. 4. 114441444-
vice, (4444 4 p. 4. 0141444) 473.
0444444441) 44 arm. 114144, presbyt 474.
04444444 (0444144), 411 4. p. (1. 11144144 343.
841.
0444444414 44 4444. 0411444 74. ,
0414414114, 411. 4. p. 4. 11444411πί4144 (4444 4. p.
. 4. 11441444) 347. 4
0444144444 (0441114144) 411.
0444444114 (0444414114) 411.
04411444, 04414444 (0441144), 4111. 4. p. prope
oppid. 4114444344 414. 413. 444-444. 344.
‘mmmm ’
0441444144, campus 14 411 1044441441 347.
044114444144, 411 4. p. (1.144144444376.

0441144, 411. 4. p. 4. 8444414444 314.
0441144414 44 ’4444 0144444 33.
0441141, 411. 4. p. 4. 04441444 443.
04411644, 411. 4. p. 4. 1414144444 433.
0441444, 411. s. p. 4. 14414444 444. 444.
0441444144, lacus 14 411. ’1144414444 343.
0441444444, 411 4 p. 4. Tium (414444 1. 3. p.)
· 23³.
044141444114 p. 4. Β4444444 141.
- 411. 4 p. 4. 0144114 (4444 4. p. 4.
111444444οηί44) 134.
04414444, 411. 4. p. 4. 114444444444 333.
0441444444 44 arm. 1114444414 474.
0441441444 (0441444144) 411
0441444144, 411. 4 p. (1. 11441444 333. 343.
0441444144, 411. s. p. d. Ρ141414444144 334- 333.
0441644414, 411. 4. p. 41. 0444441444 341.
- 411. 4. p. (1.1)4441144464.
0441444414 04414, nobil. 313.
- narcissinum.
’ - 814111414114144. 133.
· anowyooz (0441444144) 411.
044144 (044114) 411. penes 11444114 4444441144.
1114414444.
044144 (0441144) 411. 4. p. 4. 8144444414 431.

0441644, 411 4 p. (1.11141144144 143. ,
0444441144 44 4444041414 337. 334.

4441141444 (1) 411 4. p. 41 10444114 441.
044441141444 (0444144441 411. 4. p. d. Korz-

141444) 13.

0444414444444, 411. 44114 eum 411. 0441444 474.
0444141444 (04414144) 411.
0444414441444 (0441444444) 411
0444441 (01444) 411
0444144414(1)4114 p. 4. 044144 443,

0444444 (0441444) 411 ·

0444444414 1114414414 143.

, 0444441144141444 4.

044414, 411. 4 p. d. Β41441444 443. 433. ,
0441444 (0141444) oppid.

euporius 414 044444444144, 414144. 337.
- (141444444444, presbyt. 131.

0441411444, 4114. p. (1 144114444144 (nunc 4 p. . .

41. 11444444) 33.

. . 04414446444111. 4111110111 ⁰³5² fluv· Μ’ Ι .

100 105. 411.
0411144444, 0414144444 (0441) armo.
0411444 (1) 411 4. p. 411414144414644 341.
04441414 1144141. 4411114 333.
0444144444, 0444141444, 04441414444 (044414-
1144) 411. 4. p. 4. 3444144444 444. 444. 444.
044414Ιὶ444 (0444141144) 4114444. anochfiwip
14 106. .
44 044414114441444144, 0444141414414144. 347.
0444144141) (0444141414) de 4444. 8444141414 344.
347. ’ ·
04441444, 11 4. p. 41 0144441144 333.
044414ψί4144, 4114. p& Bogucice 374.

0444414440) 411 4. p. 41 0414444444 373.

0444414, 411 4. p. 41 0441444 141.
- 4114 p. 4144414, 441144114444144
0444141041, 1112 4. p. 4. 04444144 131.

04441444444 (0140144144) 411 4. p. d. chelm 441 ·

ἵ 1144. 11414 114. 113.
0444444444, 0444444444 (οτ441444144) 41144441
Β44144 411. 413.
04444444 (044144) 411
- 0144144444 (04444144) 4111. 4. p. pro·
pe 444114444144 137.

 

