xm

015175, vil. 5. p. 1. 1175117577 711. 15751577755 (1751757155) 711
011175 15 1171755677, 011175, de 57777115, 7775575 15757555577155 (1571757577157)711
711 11555557. 155. 415. ⁸. 1575751155 (1), 711 17 5 p. 157.
-0111777177577, 0117715577 (011517) 711. , 15555517, 55751175 555. 554.
(17751677, 711. 7. p. 1 151155 515. 1575551157511555551157) 711
07755571 (0755577), 711 5. p. 1. 155175 575, 455. 1575715771555,Ρ55551571α5 (1751777155) 711 ,
07451577, 711. 5. p. 1 (1151751157 51 &oxomam 1551551577 (1517777157) vil. l
’ 11. · ·· (Ρ511051577)’711. 1
075, 0575 (017555) arms. 17715715771555 (Pereuntia) 711 7
“ 0157177, 711 5. p. 1 (15717577 545. 157155155517715 5757. 1151715771 551. 555.
0157577155, vil. 7. 771 8755677 555.’ 17717555577155, 711. 5 p„ 1 1177515157 555. 7
0557577517 (0557577511) de 5751775541. 157111577517855151 15 5757 1517711555. ’
0517171177, 711. 7 771 1151111575755 555. 15775557577 (1577551557), 711 7. 771. lm ¹
. 0557571555 (0557577155) 711. 15 Silonis 555.
0757575557, 1117117177 51 1157515777 roz, 1577511775 (55775515),71 5. 77 1117751717
0575171577, 0575517157 (0515171677) 711. . 557.
0575115557177 de 7757. 071577 557. 15551755ιί7 (1575175515), 7115 77117171577451Ι
mmmm· (1575175115), 711 5 p. 11575777 ,
· Ρ. , (57755 7. p. 1 11155157155)554.
’ - 157555, vil. 7. 77 1 orm 155.
1511577555 (1517155155), 711 5. p. 1 15151 171517 17757177, oppidum 545.
517. . 5571775777755,1>571777771555 (1571577775)
15 15175715551517557 presbyter 455. 711 5 psl. 81577157 51.
1551557555(1751757155) vil. 1571555157775551157115557155771157711115 ,
. 1551757775177 15 5775. [1757777515 554. 157155 515.
15557174. oppidum 51. 455-454. 444. “ 15777555 (15757155) 711
1555517777 (17155177) 711 = 1575175775 5115175 (15551575 11511711
15555775 (1555557) oppidum. 1777717715, 1577577515 (17757715), 711 5 771
15 155557577, 15557557757, 1555555717 (1555· 1155557 (5555 7 p. 1 1515771515) 555.
· 557757, 1555557511) 55171155 15 5751. 151115 15777155, vil. 5. p. 1 11577515 8177757155 551
455. 457. 477-455. 555. vm· 1577557717 (1551571515 51717) 711
15551577555 (175157155 11715) vil. 15775 11555517 (xm 11517) 711
1555511757 (155511157155) 711. 15775 11777771555 (111715155 11515) 711
· 155551115775177151755. 15 ,5755 15757 47. 1555171577175 (1575175715) 711 “
155551175777555 (155551157155) 711. 15557157717715 571115515155715 155.
15575117775177111551. 15 5757 15757 54. 1575777175 1517775 55.
155551157155, 711 h. 5. p. 7775775 117557557155 55. 15715177, 71175 51 711 1775757517 15.
47. Ι 15515775, 5755 in 1157757155755 175.
- 15575751 15 5757116575 71. 1557177755171 (1715155177), 7117. p. 1 1175151757
- nobilis 145. 415. wicun 141. 175.
’ 151577, 711 5 p. 1 (177155557155 511. 555. 451 1555775177, pratum 15 711. 11775755 445.
15155517 8155171775 57. 1755117711, vil. 5 p. 1. 15171517 115.
1514571577, 711. 7 p. d. 1157 455. 175515777 1115157117. p. 1. 1157457. 454.
1515557155, vil. 17 7. p. 77575 17157 555. 1577155 1551515757717 515.
1717575775 (1715177155), 71117 5. p. prope 77777. - 15575. 117155 457. ,
5717115575 555. 557. - de 775. nom, plebum 577.
15111115, 711. 7 p. d. 1515155117 575. - 1151175171, presbyter 54.
15 151517155551577551755157155 575. - 51 Marcus 15 5757 1575775 555,
151755577575, 1517575157557 (1771515155) 711 1555511555 (151555751711
15171775 (1171117175) vil. 1557515517 15 nrm. 115175 415.
1515557155, vil. h. e. p. prope 11515175 17. 75- 155111551555 (1771157155), vil. 5 p. 1. wien
75. 55175 107.
1511755755, vil. 51 ostia fluvii 1171577155 415. 15771577 (15771177), vil. h. e. p. 15177 1171771777 51
1777175155, vil. 7. p. d. 1515555177 77. 1155177 414. 454-455.
157777577575 (1775175155) vil. - (177117), 711 5 771 0115717175 515
1577517577 (1751757) 711. - - 711. 7. p. 1. 05177755 455.

 

