’ 1.

261616666616661666 (suniam 06666) 611.
2616666666 (2661666166) 611.
2616666661661666, 66161116 616.

6666616166 Ε6116666116 (26666166), 611 6.· 6 6
. prope 66616.,Β6666166 666. 667.

“ 2666166 11116146, 6116. 6 6. 0666166161 166.

2616116666, 2666666666, Polum, 2616166666, 26 1 - 16666166, 611. h. 6, 6. propo 66616 11

16666666, 2616166666 (26116616) ama.
2616111666 (2611166) 611.
2616666666 (2616616) 611
2616666666 (26166166) oppidum.
2616661166 (26166116) 611.
2616166166 (2616616) 611.
Ρ616666666166 66 ann. 1161 61ζ

· κ 2616666666 (26166166) 66616661.

26166166, 6661661666. 666. 666. 666. 446-461.

66166616, arma 46. 66. 66. 76. 16. 1666166. 166.
116. 119. 120. 1³0. 131. 136. 146-146. 269.
261. 262. 266. 278. 296. 296. 6061606607.
311667. 692. 393. 404. 406. 407. 406. 416.
416. 419. 431-436. 439. 466. 494. 604. 611.
612. 620. 662.

11616614, 611. 66 cracoviam 16. ¹ ·

26666166, arma 664.

vomitum, vil. 6. p. 6. 166166 676.

2666666661 (2666666666), 611. 6. p. 6. 0116666166.
- (2666666666), 6116661716661666 616.

2666666 (2616166) 6666 ,

2661666666 (2661666666) 611.

2666666666 (2661666666),611.6.6.6.1166166166 611. -

266666666616 61661666, presbyt. 66.
266116, 611. 6. p. 6 1166666616 466.

- - 261616 11616 616.
2666616666 (26616166), 611 6. 6. 6. 0116661647.
26666661 (2666166616) 611.
ἵΡορΙωψΙοιο, 2661666666 (2661666166), 611 16 6. 6.
666666661. [11666666 616. 616.

1266666, 61166666 6661. 10666166 616.

- 611. 6. 6. 6. 6616666666 466. 610.

2666661666 116666 61 Minor (26666166), 611. 6 6.
6116661616 164.

“ 26666616,6661661 16 6116166666 414.

2666166 1666666 61166 6616166, pratum 16 611
1116166666 664.
2666666666, 61166 66 611. 1166666 411.
- 61166666116166666166166. -
266666, 26666111 (266666) 1166166 6116.
vuamba (266666 06666) 61111 6. 6. 66666 1161-
brom 66. 46.
- (116666666666) 611.·
- (266666) 611. 11 6. 6616666661.οΜ
6166 666.
voramus (26666166), 611. 6 6. 6. 116616 (66666
’· 6. d. omiee) 666.
- (26661166), 66. 6 6. 6. 06166 666.
- (2666616), 611666. 16666666 6166
1666166166 664. 666.
- (266661616616), 611. 6. 6. 6. 1766616
n 264.

vernia 666.
26666666, 611. 6. 6. 6. 266616 141
2666666, 611 6 p. 6. 1166161166 176.
26611666, 611, 6. 6. 6. 1666616166 166.
2666661666,(266166666) 611
2661666166 (26666666) 66.

· 26661166666611666) 611

2661666666· (2666666666), 611 6 6. 6111666 ’
(nunc 6. p. 6. 1666666) 164. · ’

Pomm, 611. 6. 6. 6. 6666666166 661.

6606161666 61166 2616661, 611 6611116166

606.

2666666646, 26666666 (26666666) 611.

2666616666 (26666661, 611.

2666114666 (1) 611. 664.

2666666ηῇ66, pratum in vil. Falki 446.

2666666666, 6666666 61 6661666 16 6111661166

’ 66111416.

266666616666, ager in 611. 1166166166 666

6616666616, 66666666, 14 am 6626 ἰ

661111116166166166 61 ,
(2666666616) 611.4
6616666 (6664616) 66.

. 2616666616 (26166661)“611.

6166666166 1116166 (1), 611 6. 6. 6. 261614 676.
Pomm-q, 2616666616 (2616666. 6666166

6666 66 arm. 6166616666 17. 77. 76. 616.
218.

6666666 (6666), 61 6 6. p. prope 6661611116

6666666 666. 664, 676.

. - (2616166611 h. 6. 61666666. 661

6166666666 66616. 066666) 466.
- (261614 11616), 611 16 6. 6. inm 2166·
666 ot 1661161666. 616. -
- (26161), 6116. 6. 6 6666166166 66.
66 Ρο1166166666611166166661664666 161.
26166666, 611. 6 6. 6 266616 676.
2616666166 (2616611) 66 arm. 6666616166 17. 77.
79. 216. 216.
Pownbm, 6661666 16611. Β16666666 66.
Pom, 2666666 (2666616) prm 666. 676. 616.
666. 416. 422. meua. 449. 466. 616. 666.
6666661, 2666666666), 611 6 66 Soloe 466.
Powozowyezo (26666166) 611
26661666, 611 61166 6 6. 6 2666666116, 6666 pm
ejusdem 66.
26166666, 611 6. 6. 6. 116616 666.
266666 uapor 61 Minor (261661) Ι611.
26661666, 61166 66 66. 6666666166 16.
26664666666661266666666166 06666) 66. 66
61166166166166 166.

 

