1777717777777747 (777714477147) 711. 7. p. d. Μο-
17771111171711117· 1711777 7141144774 473.
77777677, 711. s. p. d. 1117177144 (nunc 4. p. 1.
0117141) 544.
- 711 s. p. 1. 7741771177 473.

17777771747 (7777777144), 711. 4. p. 1171711717.

vico 444.
7777777777177,717171114 444.
177774 Laurentius 447.

17777417777 (77474171717), 711. 4. p. 1. 11777771-
08 44. ’
77774777747 (7771447144). 711. 4. p. d. 7711417117

(nunc 7 p. 1. 0471144) 154.
17771117,717477771 in vil. SpdzieJowice 377.
1776174 0677, 74777 intra Β7771777144 471171171-

4447 14. ’
17744744, 77747447, merita 71 711. 14177717 444.
77777777. 7777777 (77717171.711· ⁸· p. d· 0774

4144 747. 777.Ι Ι
1117477771 (77747777), 711. 17 4. p. 71 777171147874

81³. 8170. 307-369.

1717471777, 711. 7 p. d. 07714344.
17777717777177 14 arm. 117777 414.

· 177477474747, 711 17 4. p. propo 77777717 445.

1774774 (177477), 711. h. 4. p. prope 77471717
071.
1117477774 (747717) 711.
1774777744, 711. 4. p. 1 0771741777 441.
1774777777747 Rani». 11747. 711 77174774147 43.
1774474777 (11444177) 711.
177717771744 (7174741177) 711
17741774141747 714177 (0477414177 7114747) 711
- 1117777 (5474114144 1741744) 711
1777177477471177, 77741447774714 (7774411717-
74) 711
7774777417, 741117 71 oppid. 84717177 344.
177171 (774101) 711.
177774, 71117 e. p. prope 1711114177 734.
1777777774 (8777777) 711. -
1774771677, 711. s. p. d. 7711777144 (71444 s. p. d.
7777177) 444(
1774777141777, 711 17 4. p. prope 0777177 474.
007.
7777477414 (81477147) 711
1774714, 77447177, 77447717 (774714) 711.
771747471774717714471774 75.
1774777471, 41717 0774471717. 17.
1774744177477747 (77174177πί44) 711.
77177474714741747(771771777147) 711.
1777774777471747, 7774447741747, 777747777447
(71174774144) 711. ’
177447ωηί744 (71174777147Η177.
1771777711777 (7114744174) 47417444.
7177777111777774, nobilis 433.
Myania, vil. 7. p. 1. 77144744 14.
m. 774. Index 7774 11.

7717717

1117747777, 711. 7 p. 1. 047777417777 441.
7777417744, 47147177 447. 747.

- ,77147777 7. p. 1 8777177444 317.
177771747777147,1177. 314.
1777747747747747), 711 7 p. (11114177417347.
1777177714 171747. 4774017 337.

1717714447774 (1114177141) 711.
177717777741771711717 14 77717 7111177714 434.
177717477774(7714117477141) 711.
17771ςὶ47177 (7717177417717) 711 “
71771777 (17141744) 711.

1777114414 (1114114717) oppidum.

de 1777174417147474 14 7777 11774777 434.

ι, 17771774 711777, 477744 14 Bogorya 314.
71771147774 (7714114774) 711

177771747747 (1714141774) 711. ¹

17177171777771747 (7), 711. 4. (7.1(111774777144 314

1778711717777777 (171417717774111) 14 7777 8777717771

74. 77. 144-144. 477. .

1777777777177 (7714177717171) 14 arm. stup-kmi 26„

118. 181. 2³⁵.

14 17771777177 1711717444 1711441114 445.
1777177777), 7114. p. 1. 81747117 117774 447.
17777777777177144747 7171177414 443.
17771777777177 17 nrm. 71117414 374. 447.
1417771471717477 S. Theol. 1777471777. 14.
- - Martinus, plebanus 177.
1777177777· (1714177077) 711.
177717477777717 (7714777141) 711.

- ,177417777474 (7114174141) 711.
1777177717747777 (wiologlowski) 14 arm. 81777-

11011 770. ”
1774177717747 (171417717777) 711. .
1417771777717171144. ‚Iohannis 14 7777. 87777·

1771477.

171771777777777 Andr. 14 47117 8777717711 presbyt. 44.

7717717777777 (7114177714) oppi.

17777771777777747 (7), 711. 7. p. 1. 0177747147
300. 307.

7717717777177 (7714177714) 711.

1777774777 (7714717777) 47147.

17177774, 77747744 (71177774) 711 et fluv.

17777747 (7714777) 711.

1717777417 (1714777411) 711.

1777774771 (7711777777) 711

17777441444 (771474177) 711.

17777441747717, 7777747747777, 711. 71117 17 up.
post eum oppido 7111441177 74117747. 343.

1777774770), 711. 17 4. p. 47.

17777747777 (771474777) 711

1777774774, fluv. 414.

1117777771( 111771 de 77111. 14711717 444. 443. ,

1774747414 14 7747 771477447777 414.

7177777717777 (7714774477771477717

Ι 7717774717 17 arm. wiermannus. “

.47’

 

