mv

011011 1110014411, 1114141114 de 8441041114 000 044. 01411447, 40 11 4. p. prope 41111111 0144104 540

de 01101144 Martinus 404. 504.’
(10 01014110 1141114444, plebanus 504. 01444414, 411 4. p. 11. 0011104014 070.
04411414, vil. 1. p. 11. [1411111114 1114114 140. ouum, 4114144111 44. 44. 144 144. 404.
“ 011044444411 (01110441) 4141401. 04. 05. 00. 00. 0101011 (1141011114) 411114 1114111170 m
¹ 41. 64. 79. 208. 209. 21³. 214. m. 802. m 8810808118. 402. ”
1174. 477. 044. 444, 404. 441. 410. 417. 444. 01114044 (1), 141 41111 1411414104 41.
‘ 444. 441. 504. 414. 414. 411. 474. 0140114144 (01440114 vil
odnwanseh (01104411101104. 1141411411401101144 0140114414 (0144101414) 411.

404. 0140104441οη (0144044104) 411
0111111014 (0110414) 411. Momm (0144014140) pm 411140 84411444
0414111444 (0414111441), 411. 4. p. (1. Ζ11010471114 544.

Κ41044441111)017. 01441114 101414 440. ⁴ Ι
04111440, 044440, 1341140) 41414 0. 440. 400. 454. 01401114441ψ, 0140144114 (14 am 00104741 404.
04041, 04040444, Ogony (1044414) 41414 . 405. 400.

0910144441) (14 arm. 8411414 000. 01401444, 44144 nd oppid. 84011414 147.

041014444404 (0441444140) 4114. pd. 11440114 01441441141444 1411411. 41141144, (14 4114144114
513. · 344.

010614, 04411441, prope oppi. 811414 54. 55. 0144141 (0144444) 411

0144444104, 411. 4. p. (1041414404 100. ’ 01444444, 411 4 p (1 1414411104 000. 004. 000.

. 01414014 (01141104) 411. 0144414104, 411 4 p. (1. 81441444 100.

011411, 04141110 14 411. Μ4111014 007. 0144044114, 411 4 p. d. 1414144144 44. 44.
0114140404((0114144414),411.4.11.1181444114 0144044104, 411 4. p. (1. 8401104104 400.
1110.ι 0144004114 (0111444411) Adam 00.
01114414 (01114414), vil. s. p. d. 10144140 440. - - 1141104444 nobil 100.
411. - — 8144111444 04.
01140114 (011444) arma 01. 111.114.150.101. 004444γο44 (0144114104) 411 ·
174. 170. 177. 404. 000. 077. 400. (00. 440. 01444114, pratum 14 411 0414111447 10ου
471414404470. -. 411 114. p. prope 1141414444474 ·
01141104, vil. 4. p. (1. 0414111411 140. 000.
0144411) arma 444. 447. 414. 0111141444 stanislaum 444.
01114414, 0011441. vil. 011141404104 047. 01111144 (014044), 411 4 p. (1 11441144 (41140 4 p,
Olbymowiozo‚ Olbyerzowycze (011141404144) 411. (1110111110, 40 8411441οοί44) 407.
11. e. p. prope 1111444104 040. 047-044, 01444041444114101144. (14 4141. 114044 017.
0114444444114 Martinus 041. - 01γ44011111044 (01414104) 411.
0101144114, 41111411. (41140 s. p. (1. 11114104 opp.) 01γ44011111044114 woly: (014141014 11014) 40.
“ 407. 400. 0144401144 (014140) 411.
¹- (1) 411. 404. 407. 01444014404114(0141410111)110111114,
0144444404, vil. deserta, prope 1441411144 11411 0144114411 (0144141) 411.
410. 04404411, pratum in 411. 1101414104 040.
0141111 (014114), 411. s. p. (1. 114441414 50. 0441444114 Η4141414 400.
de 01440141044 ((10 01414104) nobiles. 0441444114 1411114 405.
01440114104114, 01440141044114 ((14 01414104) 40111114. 0441111οΜ14 dc 4141. 1440441140 74

0144014114 041044 (1) 411. 551. 0444414414ιῆ ομωοηαθ (mom) ,ἢ .

014401411γ(1),411. 4. p. (1. 040141414011 100. 044114471οο, 411. 14 4. p. (4440 oppidum mli-
01414104, vil. 11. 4. p. (41140 oppidum) 445. 440. 0444 ((1 fluv. Dumjoe) 44. 44. 107.
441. 210. 270. mmm·
114 01444104 Andreas (14 arm. 1141144 005. 414. (1) 411 4 p. (1 0441414141ὶί 540.
444. 441. 444. 440. 474. 411 1. p. (1541044411 440.
- - Felix de 4141. 1141140 440. 411 411111444444104 100.
- - 141144. (14 4141. 041144. 007. 000. 411 4 p. (1 8440444164 70. 74.
040. 444. 440. 444. alin 1440444044, vil 4 p d. 144
0101410114 woh, vil. 4. p. (1. 01414104 441. (1041114014. 014.
014144, vil. 11. 4. p. 0104401141114111444 400. 0041114411 (01141044) oppid.
401. · Opnthowmz, 0440044404 (0441044140) oppi
olmky 001411. de mn. prno 444. 0444014, oppidum 144. 447. 044. 414. 441.

 

