1111

1151155155 1551115555.111555.51551551(1115 woh 15555155, 511551 (1111551515 515. ·

. 5 51 1555555555) 551. 555. ·- ζ511115η11515,51155 1555155 (1151555511

· - 1515151515, 511. 11 5. p. prope Sie- 115.
vien 155. 155. 115. 555. 55551155,55511111 (51551 11555111( woh) 554.

1115151151, oppidum 54. 155. 555-555. 555.
1115)(1555555, 511. 5. p. 1. 1111555515 555.1 1115115555, oppidana.
wolnowloo, vil. 5. p. 1. 115111515555 555. weiht-om, oppidum 45.
1115151557, 511 5 p. 1. 115155 454. 115151 Hieronymus, 5115515111 4.
1155155155, 511. 5 p. d. Koxieglowy 155. 1145115551 (1151155111) oppidum

-· 51 s. p. 5 smum 115. 15555515555551 55115555 11. (15 ’

woluyn, vil. 5. 5. 1. 1551111151 (115115 5 5. 1. 15· 417.

1155155) 554. . 5115. 5. (115515 555.

1151551555 (1151555155), 511 5 p. 1. 8555555· 511 55. (1 115515 555.

1155 555. 5115 p. 1. 05515 555.

woh, 115155(1),511. 5 5. 1115155115515555. 511. 5 p. 1. 1151115 557.

. - ,511 5. 5. 1. 155555 575. 511. 55. (1 1115115515 155. 155.

- ΙΒ15511555515, 511.ι 5 51111551155455. 8155155515, 511 5 5. (1155115555.
454. Γ· 1155555515515, 511 5 p. (1 15151 (55115
-451555515, 5115. p. 1. Gnojno 445. 5. 5. 1. 1511155555) 575. ·

- 1555511515515,511. 55.1.115555551547. mummolinum.

555. —- ,5555 in 511 25555155 515.

- 0551511511), 511. 5. p. 1. 1151551 515. 155115551515551155 555.

- 0115115515, 511. 5. p. S. 1555111 15 (15511111- 1111115511 5 p. 1. 151515 445.

515 51 cracoviam, (15115 5. 51. 15151555) - ’1551555515 5115 5.(1. 11151115 554. 555.

55. 55. 55.115155(1151155 115155555515), 511 55115551
- 1155515515, 511. 5. 5. (1 1155515 8155511155 (1151155. p. (11151111555555) 575.

551. 1151515 15511 55111151 15 55111. 11555 551.

- 11555115115(11515 1155115515) 511 - 1115515515, 11511111 555.

-1551515515, (11.55115155151115555.1151555555555(115155555155),511 5 5 1, 115-

- 1155115555,511.5.5.(1.51551551155554.11111145.

- 1155111515(15115155511)55511571.115155 (11515) 511

- nonenim, 511 5. p. 1. 8151155155 555. - (115115)511.

- 11555555155,511.5. p. 1. Β55155155 517. - pm 511155 1155115511 544.

- 1515555515, 511. 55111511515555 155. - (1), 5111155175.

- 15511555155115511151555115558. - (1), 511 5 p. 1155515515 55.

- 1115511515515, 511. 5. p. d. 1555151115 - (1), vil· 5. p. 1. 11555555 145. ·
155. - (1), 511 5. 5.(1. 115555155 44.

- 15555515, 511. 5.· p. 1. 1115555515 557. - (1), 511 5 p. (1 1155515 555.

- 1551515515, 511. 5. 5. 1. 5111551515 515. - 15515515 (11515 Β51555515) 511.

- 1155155515, ’,511 5. p. 1. 8551551155 551. - 1555555515 (11515 Β1551155515) 511

555. - 15515555ιὰ55), 511 5 5. (1 1511555155 ¹

- 1555155155515, 511. 5. p. 1. 1515515155 551.
(15115551. 8155511555) 145. - 0115151515 (11515 1515155515) 511
- 1115155515, 511. 5. 5. 1115115515. 155. - 155515555515(115158555551511555)511.
- 515515515, 511. 5. p. 1. (1155155155 (115115 - 01155151555151), 511 5 p. 1. 11555155
5. p. d. 1155511155) 557. 5 157.
- 8515515, 111 s. p. 115155 575. - (15115111115551551555511.
·- 8155115555, 511. 5. 5. 1. 15151155155 545. - 1515111511), 511. 1. 5. 5. 555.
- 8555551511555, 511. 5. p. d. 11511115 455. -· 1155511515 (1551155515) 55511.
- 11155155515, 511. 5. 5. d. 1115515155 55. -’- 1151115155 (1), 511 5 5. 1. (1115155 445.
- 1115515515, 511 55 1. 1515155515 515. Lv- 15555555551), 511 5 p. 1. 15151 575.

-· 1511555515515,511.55.1.115555511515- - 11555155515, 155551555155), 511. 5. p “
55 (115115 5. p. d. 2151555515) 175. d. 0555151111 455. 454. -

- 11555551155155,51155.1.515151111 - 1511515555515 (11515 1151155515) 511
(11111155.5.1.15551155)145. - 955511155515 (11515 1551555115) 511

 

