XII

’ 00101110101110001.

0001000ηο110 (0400101011) 000. 000. 001.

0400010011 (00111001) 011.
040001, tobel-notor 044.
04000010, 1114 01. Potok 21010 418.

. 0400001001, 0400001001( (0100101001) 011. (11011000)

. ’ 000. 571.

0400001000010 (010010100011) 100110. 0101. 401.

0400101011 (0010111411) 111.

0401111111, 011 1. 0. (1.10101001100110 101
- 111.-11. e. p. prope opp. 11110100 400. 401.

120.
0000111111, vil. 1. 0. 1. 0010 11000110 404.
04000100, 111. 0. 0. 1. 1101041011 404.
0400010100, 111. 0. 0. d. 0001001111 444.
- vil. 11. 0. 0. 01000 ’1011100 140140.
133.
0401010100111 4 0. 1100100114 40. 100.
04010100, 111. 0 p. 1. 110010 400.
0400010100, 011 110. 1 Βο0114000 018. ·
0400011001,011.1. 0. 1. 0000100100 041.
0400101101, oppid. 414.
0400100110 own. 1. p. d. 1101101001 000.
- 1110101101. 000.
04011111 (01011111) 111.
04000110 10 01111. 11011110 00.
0400410000οι0 (0101100100) 011.
04001110, 0100011141 01100000, 0400111011 (1) 011110 401
43. 108. 109. 230. 391.
040001000100111011411 10 01000114, 010011οι 8.
- 111001 01111 0100011411. 0.
0400000000, 0001 440-444.
04001001010110,111. 0. p. 1. 0000104110πο 441.
0400100400100, 111 0. p. 1 xm wielki 04.
0411100410, 0100 111 000110001401104000 110.
0410110111 (00111001) 111
0410000001 (11010401) ormo 010.
0411101040 (04010100) 111.
0411000110 0000 (014100000οη) vil.
04100100ηο10 (0441011141) 0001.

Ι 041041040000 0111101110(οωοω 010·

11081.)

041011040 (01011100) 111,

0410401010ιο (010100144) 111.

04104000010 (0404001011) 1001111. 10110110 10.
111. 410, 512. 010.

04140001 (0401001) 111.

0400010111 (8404100100) vil.

040101 Βο01011110 Petrus 14 01111. 010101 001.

“ 0401100100 (0101100110), nobiles 10 orm. 010141
000. ’

04000110 (11110410) 111.

,0000100110 hortus 111 1111100 481.

0401004, oppidum 400-401. =

0111400οη00(011101011110)111. .

) 0011001101011101101 011

04011040 (0401100) 011 h. 4 0. prope (10000100

· 40. 131. 150. 101.

0401104010 10 41111. 04001110 40. 104.

04010101 110000 (00111000), 011 s. p. 1 1101110
131.

0401010011 Pom (0411101101), 111. t. 011. 1101110
104.

0401110000, 1101111011 10 01111 11010401 441.

00000100 0100101400 04.

04000000 (01001100) 111

04000001 (04011000) 111. 11. 0. 1. 1010040100 11.

0411101110 10 0101 110010 010.

040010001040 01100 04001001040 (0411000100) 011

0400110οη040 (0100010100) vil.

0400000100ιο (0141100100) 011.

04000110 0010000.

040000004010 10111110 (04000011) 00011 414.

0400040014Ιο (1100101400) 011

cmm& (0101111) ooo·

000010οὒ10 (11410010) 1011401100 044. 088.

0400111001γοοι (0100100100) 111 11 0. 0.(1) 010.

040000000111 (0400141011) opp.

0400000100010 10 01111. 0101 401. 400

0400010011(04101100) 011

0400010011 110101· et 101000, 0400410011 (0100ὴο

04000001040 (8010100100) 011

0401004000 (0011114001) 011

0401000110 (110101 mom 104. 100.

0400101 (010101) 00011

04000400, 0110 01 opp. 00101 044.

0400100040) 011001. 1101044000 01.

’04001001 (04141100) 111.

0401011000 (0041011011) 011 v·
040011Ιο (0441111111) 111.
040011οω110ον (0401010100) 011
cmm (0001111401 011

04010011 (0041111111) 111

comm 0111010 (Sume) 11
0400401001 (0001010000) 011.
04014000 (0001011) 111

’,01111011 (0111111) vil 0 111· 110111 ⁸⁴·

00000000 (010010) 111.

0000400110 (01040010) 111 0 0. (1 11011 48.

0401010,111100.001000 2001011010 404.
.- 011 0 01 Bnem’o prope 01001 44.
- 011. 0 p. 1. 0001111001 401. 400.

0404010100, 111 1. p. 1 1100000 411. 414, Α ,

0404001010, ‘do 0401011, 10 01111. 10110410 00. 00
mmmmmmm

0).

001100, protum in 111 1101010100 000.
0010011001), 011. 0. 0. 1. 1111101110 08.

 

