mmo) 01 au. ·

“ mimia, 15100150 10001, 51105 wem 15800-
’ 118158. ’

8501015511 John. 8100551100 (100000. 8055100105
484.

850150510111110100 115 5001. 8080151055 515.

80510501 (10010000) 011

80000511 Clemens 551.

(10 Pom· (110100000010050001

8510510150. (15 5015. 801501000ομ 171.

·- ,0051110 555.

1151551005 Magna 01 Pam (10105000) 011

ι1151501510 (1010000105) 011

8510001555 (1010000105) 011.

ι ··- (10011000. 100105.
8515505115 (1010000105), 011. 10 0 0. 00000 111411·
00 50. 415. 414. ⁴

Poika 101000. (10 arm. ,100100 454.

·- de 0000. 10000 555.

-· ,0051110150

- ,0010000 011. 1110011100 545.

- vona 10100000, 501100. 0050001011. 54.

1151100000 80000 01110100, 011. 0. 0“. (1 011010050-
wico 040. 040. ’

1151500515, 011. 1. 0. 0. 00000 0001. 1111110050.
418. 414.

8555551155, 011. 0. 0. (1. 8005500005 455. 450.

Pom, 01100. (1. 1101000 575.

1101055 (10 0010 8110010015Ᾰο 541.

- ,1111501050 Abraham (10 5001. 8011510οι-

· ba 000.

· ,- 01 Paulus 1050051000. (10 5000. 1001000101οο

550, , .

- (10 0001101000 541.

’ - 0180011100, (10 am. 1110001010 555.
- (10 5000. Pil-n 501.

- (100001. 1005415.

- 800100, 01010 1100000105. 4.

- (10 arm. 8050010100 515.

- (10 5010. 8105000010545.

- 0110001000 (10 arm. 8000100015 474.
- (10 0000 1110015000, 0101050. 551.
- (11005) 00100. 8011000100. 54.

··- ,001100 0 8. 81001οΙ00 000000110100 515.

80510500, 011. 0. 0. (1. 8011100 554. 555.

8055510155, 01100. (1. (1051100 554. 555. ,

8551000555 (0800100100) 011.

. 5501101015 woly· (1), 011. 0 0. (11.0ςὸιο 457. 1111510505000555 (1511050001οο) 011.
· 8001510155011001001001011. 0011 8055100100 55.

8550505555οΜ (1050100005) 011.

’881110551555 (1111000100) 011.
8101110500οη (10 500. 855000 555. 540.

8101110005 (10 5000. 1151005 555. 554.

5510150 (810101) cle 5000 100505 554. 551. 550. .

phy-hm (10 am 010105 540
11155511, suburbium 1100000100 57.

- Πίο111,08000.00000110000005.7. ’ ·

, 8. 11. 480.
-- 11010,011.00(1Ρί50011110111(00000 Ι
01185000010005) 5. 7. 11. ’

- ,011.0.0.(1.1)0101,Ζ1010517.
01501115151510,0001500 450. 545.
8155551111) 011. 5. 1 .
81551400, 011. 0 011 110015 554.
8155155510, magister 14.
8155000501, 011. 0 0. (1. 8151000560( 75. 57. 55.
- 011. 0011 81050100 (00000011.
01040100) 555.
81511500, 011. 0 0. (1. 1105010100 155. .
- 011.00.(11“00100(000000.11Ῑ155101)155.

’ Ρ15100001115101505 (118000000100),111. 00. 8.

1110515010045.
8151000005000500101050, (10 nrm. 1000 45. 45.
- 150010. 0010500. 011. 801100οο0100
5105105001, 1100111011 (10 5000 sellu 55-57.- x
Ρ1511115385111158151. 08157701 81. 88. 88. 88. 814. ¹
1110111055, 011 0. 0. (1. 01110600 457.
Ρ10050105151105000 81000055.
810055100105, oppidum 555. 555. 555.
8150005400011 00. (1. 111000001οό 117.
8150055051150,011. 0 0. (1 1110000101 117.
8155115005 81515, 01101 mmm 0 0. (1. 8010·
5151130186111005 11100150 404. , -

· Pbtnykowlee, 011 0 0. (1 1011000101οο (0000 0

p. 5 200100) 000.

ΡΙΙΙΨΙ, 811118 88. 88-108. 110150. 181. 188.
’ 198. 188. 801. 808. 888. 847. 888. 810. m.
881. 881.

8111010410, 011 0. p. (1 811505001οο (01100 5. 0. (1.’
1105051160) 555. 557.

1711505 (111105) oppidum.

mmm 0000, vil. s. p. 0. 10000001.. 015. 1 punam, Pilyeemky 000011) 50 m 0055.

·· ¹ 1111011010, 011 0. 0. (1. 8510001100 551.
888.
8011551501, 011. 0. 0118101005810 55. 54.
8015555100011. 0 0. (1. waniba 475.
Ρ1151155105000005 (1010500100) 011.·
88511550505 (1011000100) 011.
(10 5551150050581010000000101110 115.

188. 188. 808. 811. 817. 818. 408. 818.

3 Ρ11155, 0001111101 555.

- ,800100 55.
8115005, 0001110011 145. ,
110 1111005 5500010100, 00101110 405.
8101504107, oppidum 557. 555ζ 551.
memo, 011 0 0. (1 110ήο015011 151. 505.

 

