>XX

de 00011000 1001111410, 0111411040 52. · 0000111010 (10 erm. 01000412 42.

0105010010, 0100000110 (0100010110), 011, 9. p. (1. - (01000410) erm 42. 52. 150. 2141232,
1105100011όο 253. 194. 999. 310. 002. 994. 050. 050-050. 999. 441.

000100, 011. 0. p. (1 Regulice 125. 403. 400. 535.
00000πά00000 (0100000100), 011. 0. 0. (1. 0000100 0000100010 30001100, nobilis 321. .
. 599. . Gnymalitaeum (100100 (000110010001012) 355.

0001001 (104110. 2011100558. , 535.

, 00000001 (0100111111) 011. 11. 0. p. prope 000.Τ11- 00000101 presbyter 5.

011010 250. 215. 0000111001ου0 05 Ρο11001200 1005100 (10 am 2004-
· 0001110000(0100100)011.0.0.(10501001001100 je 527 1
9. p. d. Bobrek) 225. ’ 0000010000 Andreae 570.
00000000, 01050110 (1), 011. 0. 0. d. 10111005 (1) 001100 0101100010 (00110), 01100 (1 Ζ2110000
251. 259. 535. ’
0000011010 (01111000) 011. 0010400 1111101100, 00 01111111100011041 474.
0000000 01010 0100001011. 4. 0101000 11000110140010 (011110), 0110. p. (1. Zu-
00010 (10 arm. 11004 330. 351. 400. 423. 444. 1110501535.
531. 511. , 00100010 (10 0101. 0011104 535.
00011101 Βο100 haer. vil. 1101000011 544 ,0110100010 (00001010) vil. 11 0. p. 252. 254. 255.
000101001000 (0100100100) 011. 295.
0001110010 (01010111), 011. 0. p. (1. 11οο0013510 00100 (0010) 011.
11010000 438. 011111 111001ιο0 0010 Rene 352. 353. ·
0001110010, 01000010 3011110000 00100. 0141000100. 0011100010 (0050000) 011 0. p. (1041011000 542
135. 374. 427. 0011010010 (100101 Ρο1110010 333.
0000011014 (01110000) 011. , 0114010, 011. 0. 0. (1 11000012 0100001110. 521.
00000010010, 0000000010 (0100000οῄ5111) 301130· 0100010010 (10 am 11011002 524.
nes episc. 0144000100. 255. 535. 0100001100 (0000000) 011.

000000100103100101411011050 11000485. 0040101100, 011 10 0. p. prope 000 Ζ111111αο0 “

00000010, vil. 9. p. d. 0101110010. 431. 452. 133.
- 011. 0. 0. (1. Wrocimowice 19. ssyebelthew (0101101100) 011.
01010001, oppidum 140. 141. 0000000010 (10 0101 0101371.
(pyr, 0000 10. 20. 99. 50. 10. 99. 90. 99. 102. 41005100(70(11014)011.
191. 15³. 199. 111. 194. 191. 194. 199 201 0001000100 5051000010 (01010000) 011
210. 221. 201. 251250201-205. 210. 215. - 01140 1100011 (2100111 15101114) oppid.
999. 903. 305. 308. 313. 316. 323. 924. 999. 549. ‚
011. 994. 409. 410. 499. 503. 0001000010010010000010(01010000) 011.
000000οω000, 01000100000(010011100100) 0110. 00011150, 00010500 (101140) anne.
p. 41. 110400 (nunc 0. 0. (1. 1001110110) 343. 000101111οΜ demus in 1110110010 103.
0000000010ψο (0100001010) 11110 suburbio Gra- 00010010,(1)011 10 e. p. 477.
· 013028. 0000000000 (0140100000), 011 0. 0 (1. (Mn 40
0000000001οι0 (000001οο0100) 011. 11. 0. 0111- 11010 110110 115.
94 50100 10101 et 0150055 399. 411. eyny9104911590191. 4191. Koek⁵97.
499. 499. 0000110100 pratum 10 011 Boron 452.
00000000001000 (0100001000100) 011. 0. 0. 0 010- 0000οη000 (0101100100) 011
0100110οἰ00 38. 0000000010 1101110101( (1041110. 00000004 31.
(10 00000000ψί00 1100001110, (10 erm. Το001 0000400ιο (00001100) 011 0. 0. (1. 3001010 520.
499. ι ’
0000οο000010 (10 arm. Το00131.148. H,
000000001010100 nobil. 158.
00015010 (01000001) 011. 11050001, erma 50. 51. 55. 78. 143. 315315.
animm (01000014), vil. 9. 0. (1. 11100000 440. 024. 020. 021. 020. 990. 002. 005. 040. 040
447. 959. 999. ⁴999. 959. 999-999. 999. 979. 4⁰9.
0011100 (10-0110. strepa 112. 411. 419. 421. 424-420. 449. 415. 499. 525
0000100000 (01000010), 011. 0. p. (1. 8143100000 551. 534. 553. ’
525. Ηο010, 001001. 011 01000010 52.
0000116101, 011. 0. 0. (1. 1100001010 55. 452ι 453. 1100101010, 011. 0. p. (150010 253. 235.
0000110100, 011. 0. p. 100011 118. 1100000001, 1100005011, 01010 014000. 23.

 

