uxm

, , 3331.113.131131.1111113333333. 3133313333 111313,111.1.ρ.1ζ1.333133’(1333
2³5. 239. 248. 254. 270. 3001302. 850. 411. = 2. p 11. (1101188881) 158.

413. 411. 433434. 133. 3133133313), 111 1. p. 11 11133111 313. 333.

813133 seu Bipenniuun (Topor) 311113 433. 811311331311 Jacob. 13 urm. 1331111133, 11133- “ Ι“

81313131 (81313131) 1113111. 113113 313. 1311131133 333.

8111313311 1331111 Η3111133. ’8113111333 (81131133), 111 3. 111 1131113131
811311331118131113111311113364. “ 1113113143.

8131313131, 8133113311(81333311)111 1311111113 8113133113, 8113131113 (81131331) suburbium cru- Ι

311311131111313. 333. 331133 4. 3. 133. 134. .
81131113131133131113), 111. 3. p. 1. 8311111313 8131133113 (8113131313), 111 3 p. (1 01131111 31
(1111113 3. p. 1. 1111313) 365. fluv. 113113 111.
81331,111311.1111113111331. -· ,1311313113
81111133ὴὶ331 (8131133133), 111. 311. 1 1313113111 8113111111, 11111311. 111113 8131333133 31 11131133
414. 61. 66. 411. 413. 433. 436.
8111313313111 3. p. 1. Ρ1333311133 131. 334, - (8113111131), 111 3 p. 1. Olbierzowiue
8131331133111. 3. p. 1. 8311133 333. 341. 343. ’ ’
8131313111 (8131111311) 311113 183. 131. 13 8113131113113111133 411.
8111133133, 111 3. p. 1111111133 (11111133. p. 1. 8113113311111331. 133111313311311133341.
8333113111) 113. . 13 8131311133 Thomas, episc. 113331. 1114.
8111133, oppidum 613. 363. 8113331 (8113111311) 13 31111 01131111 613.
8113313311, 813311111181311111111) 111γ ⁸ - 1113313113 133131. 01131111 41.
8113313113 (8131113113) 111. 811333113113, 8113313311 (8113311311) 11111311.
811333313131), 111 3. p. 1 Κο1111133. 31. prope opp'u Dembiuu 333. 331.
8113111 (81311)111. ν 8111331113, 111 3111 8131133111 331.
81133131(8133331)111 · · 8113113, 81131133, 8113113133, 8113113, 13 81131113
8113131133 1131113(8131311113) 111. (8113311113) 311113.
8113131331333 (81111113πί33) 111 - , 8111131333131,111.311. 1 113311133133 115.
8113111), 111 3 11.1.Κ111113111311133 356. 81113133311333(811131111331133) 111
8113γ3331111 (8131133111) 111. 8113311333, 8333111333 (8131331133) 111. ,
8111131311), 111 3 p. 1. 11131113 343. 813311ιί333 (8113313133) 111 3. p. 1 8331331113
8111131313113 (8113313313) 311113. 316,
81131133113 woly· (8311131313 11313) 111 811311313131333 (Supgoboruyce) 111. -
811311133111811113131111) 111 8133313 (81131113), 111. 3. p. 1. 1313113113 331.
811113113313311118113113365. ·- -· 1113. p. 1131131111131133
8111133333(1),111. 3. p. 1. 1133131163 113. p. 1. 81113311) 333.
8131133, 111. 3. p. 1. 1311133133 333. 333. 8113333111 13 3113131133 331. Ι
8131111333, 8131111313 (8131111133) oppidum 3113. 8131113131111 (8131133113), 111 3. p. 1. 113311111-
433. 441-443. 133. , 133 11313 (nunc 31111 83131113) 143. 413.
8131113318131133) 111 , ¹ 420. ·
81331, oppidanus 1311331311131133 114. 81131333 (81111113) 111.
8133331, 111 3. 111 (1333313111 1113. ’ 8113111131, 111 311. 1 Ρ13133111133 333. 333.
8131311113 (8131311113), 1113131. 8311333111 811111 31133 813331333 (81333133)111
363. 333. <- ,1113111111311111333 ¹
813131331331111. 0133331. = — ,111 3. 1311111133133113. .
81313131131111333 (8111131133) 111 - ,111 3. p. 1. 8113111113 133.
8131331313111 3. p. 1831113111 413. - (1) 111 33.
8131133111,1113.11.1 Ρ3131116. 811613, 111 3111. 1111331313 333. .

Ι 8131311133, 111. 3 p. 1 Ζ311133111 31 81311311 8113311111, 8113313113111311313) 111

131. de 8133113111 11131331 13 arm. 13113313 433.

81311113 1313111133 13 1331131113 333. Δ 81131113, 111 3. p. 1. 8313113 331.
813133331333 (813131113πί33) 111 , 8133131333 11311(8111131113113311111.111111111)

’ 8131331111,1331.11103331111113131. 111311181311111333. .

8131331333 (8131311133) 111 8113313311 (8111111313) 111 11 3. p. prope 113113·
8131113311, 111 1. p. 11 1131311133 (11333311. 1 11113313 11313313 433. 434-431.
muman) 333. Ι , ’ 81131, praedium in 81113133 333.

 

