1111111 ” ,

, 1011101100 (1001101101) oppid.

1001110117 (1001151) 111.

1001100010 5011011. 00.

1410110010 (Latauice) vil.

, 1015000500 (1101001111) 1110. 0. 11. 1100111100 m.
10111ῇο6οἱ11ζί011 (1), 111. s. 011001101οο 106.
1015119οΞ1100011γ110 0101. 0101 000,

1011100111 1110010110 115 3001001500100110101440 “

Laurentius 110 Ρο111110, praebenda-ius 272.
11110010 (11000051) 111.

101110 (10111) 111.
- locus in vil. 3101110110 000.

.· 1010110111 Sandivogius de arm. 1101000 557.

1010ογ (17010111) 111.
” 10100101011030111111001110 550.

1010110010 (1101011100) 111.
1011011110), 111. 0. p. 11111011111046.
101101110 (miska) vil
ιοιγ pap) vss-
Lazynzkn (1111110110) 111

- (1), 111. s. p. d. 00010 546.
100101001ιο in vil. 0101100101 406.
10001110 (1.00110)111 111
1011111011) (11051101) 111.
400010 (5011111100

· 11010 (50141111-
1001100111 3001111001·οε 5001111101οο1 557.

1001011, pratum et silva, 01100010. 001011 010.
1011001011 3005110000 110 arm. 1111001 557.

’ 10011511, 111. 0. p. 11. 1700011 467.

10500010 Superior 0110101101001111100) vil. 0 0.
(1.11101101110 104. 105.

10111011, arma 6. 0. 11. 00. 36. 47-40. 51. 01.
133147. 152. 155. 172. 186. 188. 211. 217.
218. 239. 24⁸. 857-363. 276. 380. 381. 285.

- 300-311, 533. 344. 553. 557. 574. 386. 506.
4011 4411 401. 407. 451. 570.

1016111, oppid. 05. 100. 010. 015.

10100100, 111. 0. 0. (1. 111001001100 70,

10101111 (1101110101ωο

1000101000, 111. 0. p. (1.-0111111611 011. 050. 054.

1011111110οᾐ 5011001100 540.

10051101 (10111101) 111. ‚

1000111100 110 arm. (11010511.

1000001010 (1101011100) 111.

1000000010110 1510100 (1101001010 11010) 111

10100111. 0. p. (1.8011101011460.

1000010 (1001010), 111. 0. 0. 11. 00111611 541.

. 10010100, 0111000.

10110000001 (1101011100) 111.

10110111, 1101101111, 1101011110οω (11011015) arma
420. 533-535, 537. 538. 551. 554. 578.

1011100111. 0. p. 11. 1100010100 100.

10100100,111.11.0.0,(1110000. 11. 0101100101

0001110) 557. 550. .

10111101, 111. 110. p. 0100000013011111, 1118110
010 000-4100.

10000111 (01000511) 111.

do 1000010 50101. 110 m 5011100511.

mm Numae 110 am Pobog 070
1007110 (110010) 111. 0 0.(1. 1000010111 100.

- Ρ1011146.
- 8100010110 55.

· - 1010101100 000.
- , 111 01000000111011110111010.

11100111 (1700111110) 011110
1111011011, 111. 0. p. d. (10)· 104.

1151015100, vil. 0 0 11Κο0010100 (1111110 s. 011
115101 71101111) 000.
ubis? 91ἔι1101111, 111. 0 0 d. 1105010100 (nune 11. 0·

1101111111, 111. 0. p. d. 0010111οῃ00 (nunc g μ,
Ρ10000) 01. 074.

1100101101110, Lim (110010) (10 am Pake»
11041. 100. 140-145. 100. 000. 161. 061.
278. 335-308. 401. 408. 418. 431.

1111510111 0. 0. 11 2011011001 404.

1110110110 11010111. 0 p. 11. Ζο11105001404.

1111011010 (1110110111) 110 am 110110 404.

11011, 111 s. p. (1. (111010οη15115οθ.

- - 0101001511 557.

110100100, 111 0. p. 11 50011101) 407.

1101001010 01010111. 0110111100 10111 0. 011 Ja-
0111011400.

110100, 111. ’0 p. 11 1110001100 110.

11011100 001110, 111. 0. p. 11. 11100100 51111111ου
140.

11011100 051110, 111. 0011. 11100100 numm
140.

-ο *Δ

’11011100 1101010111,0001111101 140.

- 17101110,111.1100.01000000“1Βο50
110000.

[5511111110171001051531110110011.
1101109110, 111 0011 1111010010 055.

1100101111 (1501110111) (10 mn. Ηο101101 500. 501
333. 351 353.

Ι1100101110(11101011100111) 110 01111 15510110 430.

1101111111ΗοοΛ11111ἑ10000001.
- - “’011.

11110110 100.

-·- — 25111 011.

- 71101010100111), 111. 00. 11. (1001100500 ·

1101111111) 111 11 0. p. 100.
110110 (1) 111 ,004
11001010 Μο000(Ι.1011100 11101110) 111

 

