80100100, 011 0. 0. 1. 11600 8000000100 333. 80011000 Petrus 530. 533.
’ 8010000001810000010)011 -·· (8011000) 00100

8010000000100000 (8100000οκ0000) 011. 8001101000100110011000 37.

8010010000οη (8101101011) de* 01100 8000110 330. 8001000 (801100) 011

8010110010 (8100101101) 011 80010000 Petrus, 10 0000. 8011000 530. 533.

10 8010011000100 10001000 400. - (8011000) arma.

8010000010, 8010000000010 (8100100000011 80000100, 011 10 0. p. prope oppid. 11011100 405.

801000000νο (8100001100011. . 8000011010οΜ wulpam, 011· 0. p. 1. 11000100

80101000οη00 (81010100πί00) 011. 000. ·

Ι,801100100110001000 300. 800001000011010 0000. 1010 003.

8010000000 (8100010110) 011. · 8000010000100010 am 100010001001 100.

8010110100, 00101100 100001101010010 533. 800001000100010 8100100000 10 arm. 1010 007. ,
. 8010001000 (8100110000) 011. 8000010000000000 (800000000πί00), 011 0. 01.

80000000 (80000000) 011 1110010100 471.

8000οη01110 8100101000 333. 8000000010 (80000010) 011

8000οω00100 (8000000060) 011. 800000300000(8001001001010) 011

8000010010, molendinarius 10 10011010 533. 8000000110000 (801001011οο) 011

80001Ιο00 81000, 0100100 10 8010101001οο 311. 800001010000, 01010 (1000001000 4.

8001001000 (8001000100) 011. 80001οι0010, pratum 10 Ρ10000100100 330.

8000000000νο (8000000010) 011. 80001100 et Petrus 10 0000. 11100ιο10 333.

8000010 101000 10 arm. Pdlkon'o 145. 413. 8001101000, 01001000 13. “

8000010000 (80001100) 011 8000101010 (80010010 01100 arpo 00000

800000οᾞ000 (8000100100) 011. 80010000010001000 10 (10000010 4.

8000οο10000 (8000010110) 011. 80000100 (200010) 011 .

800080001000(800001000100)011. 80000000 Georgius, 01010 cracoviam 4. 11.

8000010100 (80101110) 011. 800000001οη0, 01010 (1000001000 4. 11.

, 8000001001000 (80100100100) 011. - (1000000010, 001111001010301133.
8000001οε000· (8010010000) 011 “ 8000000001000, 80000000πί000 (8000000100) 011 .
Smyplowoky 10 0000. 001010 331. Ι ’8000000000 (8000100000) 011
80001000 (8000100001) 011. 8000010000 (8000110000) 011
80000100 100011 (00011100) 011. 8000000100· (80100100) 011
8000010000100 10 0000. 001010 334. smmum (80100100) 011 .
8000010000), 011 0. p. d. Zaloemy 333. 8000000001, 001000. 011 1000000000 331.
8005000 (801010) 011. 8000000010100000000 (8001οὴ00100) 001.

. 8001000010 de 0000. 8000000000 171. - 8000001000οω (8010100000) 011
8008000110 (8010100101) 10 0000. sanim 531. 0000011000ὴο (8010101101) 011
8001010010180100101101) 011. - ,01100 011 0. p. 1 8010100110,
8001001100, 8001001000 (80101100) 011 0100010010 01100100 1111010 510. s
8000010000οο (8010100100) 011 80000080001000 10 00000100οτ10ιο, deum. Pilt-

. 80010 (80101100. ἱ 000, 0105000 341. .
80010000 (80100) 011 8000000010, pratum 10 011 11000010 300
’ 80000110 (80001) 011 800000010000100100000. 8000100010 301.
8000010100 (800113, 8030100) 011 ¹ 80100100 (8001100) 011
8000000000 (80000000) 011 8000100010· (8001100100) 011
8000000010, 0010000. 011. 1110101000 101. 103. 8000101010 (8010101010) 011
8000000000010010 00001οο00 45. 8000001οω01ου (81010000100) 011
8000000000 (8010100) 011. , &mmuh 10 0000 810000 43.
Smin Ρο1000 331. · 8000005000 100010 0101010000.
8000010000, 8006000000 (8000010000) 00000 8000000000οω (8010100100) 011
8000000000 (1), 011 0. 0. 1. Wieliaka 104. 1800030000100000100 wulpam, vil. 0. 0. 1. 8010
8000100100 (8000100010) arm. 01001010 510.
8000000000 (20000000) 011 - 8000ωο00000ῃο (8010100110) 011.
8000100 (800100) 011 8000000011· 1100100011οω Ρ1110010 130. .
· 800010οη000 (8001000500) 011. 8000000010, 0010000. 011. mov 543
80011010 Petrus 01111001 10 0000. Pom 443. ozwymayoz· (8010010100) 011
8001110000 (80111100) 011. Sama (80101000) 011 ’

 

