1441441, 111. 4 p d. 41411444 414..
Τ41444444144, vil. 41). 4. 8441114444 194.

1444414444 41141114, 441. 4. 1).- 4444414441
447.

1414144414, 444 4. 1). 4. 1114444 474.

Τ14114νι, 411. 4. 1). 4. 1414114114· (nuno svp 4
1411441474. 141.

1114444111 44 am. 14144444. 444.

¹ Tylmnnown, 144 11. 4. 1). intr· 41444 et 1144-
44144114 144. ’

Τ14144111, oppidulum.

τ1414444,’ 441. 11 e„ 1). prope 14144144 474. “

Ι114144, 411. 4. p. 4. 04141414 447.

- Τ14144,’ 44411. 4. 1). et 1114444441. 44 1441111441

’ prope 0144441441 1447. 44. 144. 144, 449.

¹ , snm

4141444114114141411111 411194. 444.

14 unm 14441. 14 414. 14411111, “
1444411 444.

41144441441111411411 44111144 417. -
4144444441444 (4144144144), 411. σ4. 1). ·14 41444-

nmmum.

Umdkow (1144144411), 414 41). 14 mv
4411. .

44144444 (1114111411) oppidum 414. ‘
4144414441 (11114144) 444 “
1144414444111 (1114444441) nobilis 444.
4444114111 (4111441), 411. 4. 1). 4.- (1144411144 414.
4144444411, 441. 4. 1). 4. 11411444 444. 444. “
41444441 (1141411) 414 44 fluv.

· 4141141114. 1). 11 1111111114 41111 111

‚u

4144114411, 411. 4. 1). 4. 8441144144 441. 444.
414444 (1111144411) 444 ’

1141411414, 441. 4. 1). 4. 8144414114 444. ’
114414444444 (4141411411) 444

414411, vil. 4. 114. 4141144 94. ·

414414444, 441. 41). 4. xum 474.
4111444444111 44 4441. Novius 144.

41144444144, 444 11 e. 1). intra (14411414 41 nm

444 444. 444.
411444, 141. 1141). (44444114144441114) 444.
341-444.
- vil. 4. 1). 41141441141114444.
- 441. 4 1). 4. 1114141111 474.
.- 411.4.1).401)4411411444(411444...1)41444-
1441441474.
411414411,441.4.1).4111444414444.1). 414141-
441441444. 444. > ·
41141444, 441. 41). 14 1141444444 1144414144 144.
41144 (11144) 444
111144 444144 (1111114 1144144), 411. 11. e. 1114414
4114411444 49. 44.
- 141444 (1111114 m), 411. 41). 4. 1114114
· 1144111140. ’ ·
- ,41414114 41. 144.
“ 1111444144444). 1111444414.
11114444411444 (4144144144) vil.
· 01144 (111444) 411. 44 441114.
114144111 44 4411111111449.
11744, 444 1). e. 1). prope 1444414 449.
4144444144, 441. 411401114444444444 447. 444.
4144414νί44, 411 41). 1414444 447. ·
41411444ιί4 (01411444) vil.
444111, vn. 1 4. p. 441 1144444 4 11114
viee 44. 449. ·
4141114111, 441. 4114. Sunion 479.
4111144444144, 444 4114. 1144414444 444.
“ υ41444444ν1444 (11ιί4444449) 411.
44414414 (4111441414) vil.

414414, 414 41114 1144144444117. Χ

- , 14114444 44 441 11444144 114. 1

-· 1444141114, 411. 41). tl2 01414111444111444.
1). 14 (1111144444) 444. 444. 414.

- 44144, oppidum 147. 114111. 144. 444.

1144141441, 441. 4. 1). 4. 0411411 (4114411411)
414.

11444441 (1144414441.

414444, 1144414 (4144141444 et oppid.
114941· (11· '

1144414441 (4144141414) 414 ,
4144414444 (11444444) 444
4144411441 (1144444444

’1141441444 1141114414 14114444 474. 4771

- fluv 141
411444141444 (4114444444) 441.
1144411441 11114711 vu
de 111444 nobiles 444.
4114444441 (41141444) 444
111444, campus 111 414 Karou. 144. ’
- (1) 441. 71.
4114444411 44 44111 11411144 194.
41144444444 1144414441 ot 1114111144 (11141144) 444 .

V.

1144114140).
1141444 eon, 4141 in 444 4114444141 41414 444.

1141411411, 44144 44 1144141114 44 (1444444441 49.
11444114444114 (11144441) oppidum.
1144444144 44 444 14444 414. ,
11444144 41141144. 44 4114. Bm 414. 417ζ
1144441444 (1144114411) oppidum

441414 (144414) 111 - ῑ

1144141444 (41441441414444414.

1114414 44 41111 1411144411·

. 4144144),11)...114141411411414’ ⁴

Vflqyolzow (1111141444) 414
1111444144 111444 44 8444414444, 4411411. 444.

111111411444 44 41111 (1441444144 444. ᾗ

 

