0111

3101100100 (1101031010), 111001. (101010 313. 333. 344. 340. 301. 304. 300. ooo. 301.

00. 300. 300. 401. 400. 421. 402. 505.
8101011100, 111 3 0. d. Koniuszo 111. 13 8001010Ιο10 1110010113 1011100111, presbyt 440.

- 11130. 1. 11101 11131111 04. 800111001011, 8301013010111801113111) 0001. 01
01001111, oppid. propo 11110100 oppi. 200. 430.. villo.
11100110, 111. 0. 0. 1. 1113101111 33. 800111010011000 (80101010πί03) 111 “
11101111, 111. 001. 8110111110 122. 800110, 8030113, 111113. 0. prope 000111131111040.
01101011, 111. 3. p. (1 1131100111πί010 001. '¹ 80000014 (8030011) 111.
11110110, 111. 3. 0. 1. 0110113110 013. 80000010101010111103 03. .
01000100101001101011103) 111 . - , nobilio 243.
Rzyepyonnyky (Rropionniir Β1311101) 111 ι 8000001 (8101100) 111ξ

80110010 Petrus 018101131013 100.
ξ’, · envoy· (30000) 111.
. 13 8111100 nobiles 122. 133. 101.
80111111, 111. 3. 0. 1. 1101011 014. Sar-now, 111 3. 0. 1. 00111110 100. ι
- 111. 3. 0. 1. 11011110 400. ’ - 111 3. p. (1110101130 003.

’ 8011001001113. 01 Soleo (111103.0. (110- 8010011010 woia, 111301. ’1101101130 000. ¹

-11101100013, . , 801101Ρ3111310 0100011114.
8011011100, 111. 3. p. 1. 10103000 001. 003. 8001γο (810100) ormo.
8010110,111.3.0.1.10111011011100 043. 8000ιί00110 1101γο (11010 0101131101) 111. 3. p.
8010111100,111.3.0.1.1111000363. . 1. 0010110111 100. ’
80101110, 111. s. p. 1. 11010110 1101. 8011111011 (80111111) 111.

- Ι 1113011113011111001. , 8011 110110, oppid. 204. 230. 131. 300.

801011010110111113201. - 8101γ, oppid. 230030242-240200-200, , ”

80101100 (83101113) 111. , 304. ,
80111110 (8001111111) 111. 8001111, 111 11 0 p. 01000 oppi. 81011311 131.
8011000101 1Ηο101011)01110. ‘ 000301.

80101000, 8010100133, 130111. 11311011, 01103010 8011101110, 111 0 p. 0. 10310 (nunc 3. p. (1101- .

001130. 133. 130. 131. 133. 013. 011. 0011100130.
8010011010 13 Ρ101100111, 1031111. 811300 24. 8000111, 111 h. 0. 001000 1103110110 811010 02.
8001101011, 111. 3. 0. d. 8110111110 121. 00.
80101οη00, 111. 11 e. p. prope 8001001111 310- 8110001111, 8110330111 13 arm. 1101001 030. 031.

313. 304. 434. , 3111000110, 3111100113 et 30130. 0130011010 24. 200.
103000011001100103,00003010. 303. 331. 401. 402. 440. 403. ooo.
’ 8010013100, 111001301031311 433. 430. 410-411. 403. 434. 431. 430. 000.
81000111οι11, 111. s. p. 1. 1111110 001. 001. 010. 011. 013. 043. 000. 000.
800001110110 1100010108011100111311101131010100) 500-000. 010.

taberna, propo oppi. Podgorze 01 cracoviam 0103010031100111110001 110. 111.

0. 22. 25. , · 10 am 1030100100 oo.
80100010, 1011011310 vil. 2301103 111. (13 01010130, 30130110113101130. 440.
800300 (11113 11000, ager 01 00011. 031011 332. 10 1110110110013 110..
800101103313. 304. 301-304. ooo. 301. - 13 arm. 31010100 04.
8001000110, 111 11 0. 0. intro 11144 1110111101 81100010, 8111011001( (11100101) 111.

01101000γο0 13-10. - 8110000010ιο 1Ζ1100131103) 111.
Sanozipnyowoky 13 0101101110 13-15. 111. 433. 811000000101000113 300.ι

424. ' 81100000001001103 111111001011100. 11111-
84nozow (8001111) 111. 11111 411.
800000οη000( (8310000101) 111 · 81111111, episc. 110113101131. 400.
8000100000110110 10 0111101110 13-10.111.420. 8111111110, 8111111110010111110) rii.

424. 8bommky 00131013 10 orm. 1101011 ³12.
80010011010100111010 (8000810108001110 8110000001 Nicol. oppidanus 13 Koprzywnioo

wy) oppi. 330.

· ’ 10 8001001 Georgius, 0110113111 3. 81101010101Ζ11011103) 111.
80011100110110110013110 13 arm. 1111001 001. 81100010 (1110011) 111

8001110110 (8011101114) 111. 8001110110 (8110101110, 8111110110)00011.
8001010)οΙ0 (8001011111) civitas 111. 311-310. 8010010000010(11000101)01010111..

1000101010010011. ’ . 15

 

