xxm

1444141474(144717447)411.· 1444447711,711. up. 41 1414114774 (7477444771
1444114447474 (1447147144) 7117 *⁶ · , 1174144144) 141, .
14441, fluv. 444. - 1444444714(144444414)411,4.7741,1144ψὴ4 447.

κ 1441474, 71114. e. p. prope opp. 11774444 177.17744477711(144747441),771 47711444147144 m.

4741447447774, 711 14. p. 774744 (114744444774144,
1141414771, arma ³24. 555. 551. 515, 118.

1444477144, 411, 4. p. 11144 444. 1444717 (1444117) 411
-· 7147114441544444444, ¹ 14741444746471447,
1441477744, 71147. 1, 1747141474 47, ’ 1477144, 411. 4 p. 41 11444144 11444 144. 447 .
— 4114. 74. 4111744144 (44777444, 7,11111-14714,441447744747444.444.
4777411444,1471441474(144144414711),4114771114414474
1411444144, 4414. p.¹ 1. 6444744144444. 447] 171,

1411441147, 4741444444· 111 711 1114444 447, 1471447474 (1471447144), 7117. p. 1, 177141447744
14114447, 711, 4 p. 1, 141444 (nunu 4 p. (16174- 444.

7741544) 444. 1474744414 (14744414), 41117 4, 7, 41 fluv. Du·
14414, oppid. 444-447. ¹ . 144144, prope 174174 441.
14447447474 (1441474144) 411. ’ Ι1444477447 (14474147)4114 p. 1, 1444444444.
1444774774,144774744(144144447714) 444444. 11411474, (141444) 411,
14441147, 411. 4. p. 1. 64714544 441, 444. 1411477174 (1741144414) 411.
1441474447), 14774ι14447,14477744714441,147744ω14· 2 1411747714 (1411741414), 711 4, p. 1, mmm
477, 1441771474(1477444714144) 444444 44, 44. P 474.
51. 44-74. 74. 77. 44. 47, 44. 44. 444144144147741777147444 4441744414 474,

444, 444. 444. 444, 444. 444. 447. 447. 444. 14417777, 711 174 p 44444 1741447 4714777444444Ι
mmmmmmmmm m.m.

, 444. 444. 442. 444. 444. 444. 454. 477, 444, 141444, 741 u. p 7114774447.

444, 447. 444. 174. 774. 17747144, 711. u p. 71, 4441444144 444.
147147444144117 (4447441711 4. p. 4111441714- 141447144174 woh, 411. 4 p. 71 1441444144 444.

,47744414 141444, 4477444,47.74-74.144,444,44474447 ’
1444744474 (1444477414), 711. 4. p. d. Rudom 44444444 447. 422. 425. 444. 444. 474. ,

’ 1411111474 (14774714) opp. 744744 8771144144 1411417ῗ7141117477444,14174144(141144)44744
447. 444. sulum (1441477144) 741
14414744717447, 14 mbyeuz, 14474447417444 1417447447 (14144144) 441

(1444774144) 1114441474, 4441147144 6774444, 74, 1444714474 (1744744144), 4114. p. 1 Lfflup 14,
22. 101. 255. 587. 471. 457. 488. 502 Silesb 111.

144741 (14414) 474741 . 1444741414υ (1441417171) 41

1447477747» (1υ147144) 411 1444747774 (14714441 411

1447474447, 411 4 p. 1 Pinki 11141114· (me 44 14474716) praedium 41 54141οωὶ71444 uu
p 1. 1114147144 4774.) 4441447777474147, 411. 4 7. (1 1114414744 144.

144741 (14414) 4771 mon 71114 u p. 7444744 614447 44.

· 1447447447 (1441474144) 411 ’ 1447474414 1144414414,

1447144144, 411, 4. p. (11411414 144. 1474447447), 741. 7 ,p 71. 1114477 474,
14471441474 (1441444144) 411. 14714414, 411, up. 1. 11714744 444,
1447774, suburbium oppidi Tymburk 447. 14714744144, 441. 4, p. (1 1444444144, (4474444. p.
1447444 (1471444744) 411 d. 1411447) 47, 444, -
1447741 (14414) 47471 144444, 711 4, 771, 1414144144 (447174 4 7 (1 Chu-
17477477 (1441447) 411 141) 444. 447. ¹ .
1447744417144744 1111474 47. . 144144, 711, 4. p. 1, 1147744444 44. ,
14477444 (1441447444) 411. - 441 4 p. 1 1114471447 474 444, 444,
1444477744, 411 4 p. (1. 1114147144 144, 14144444Ρ4741444 44. .
1441444474744)71147,1.47441777177174 144. 14117414, 411 4, 71 147744 ut 14 61711474 44,
1444117, 411 u. p. 1, 1174747744 474, 444.
144444, 41147 114147 711, 4 p. 1. (1144447464 444. 1444447414 411444, 4114 771, 1141471744 447.

444, - 1444477417 14 47774. 8444744 41. 41, 144,
144444, 411. 4, p. 71 1477744 474, - 1444444744, 74144114 444,

 

