v1

87797177( (1), 711. 1 9..77 497. 891779991979(877(1717197197)7119771.1119μ7

’ - . 71117. 9. p. prope opp (11779197 994. 1417 199.

877477199, 711. 17. 9. p. 17177 819919917977 91 119 89177997999177 1179191777 19 9777. 87171971 149.
7197199977). 994-969. 84717711 9 p d. (191977 99.

8779771979(1), vil. 17. e. p. 999. 84419797, 7119 p 1. 11177977199999997.

8779777979 1877917197 8917791917), 711. 977. 1. 87197977, 711 9 7718197717971477.

- 8977177 (1197977977177) 99. 8919799171119471 779111 999.

8779777719 (8779197177), 711. 9. 77. (1. 81777997 8771477979 (84719719)711. 9771. 1197717477.
999. (877197) 711 9 77. 71 8177179191.
877977779 71179 817917 (87799179) 711. 9. 77. 1. 81· 8919947997 (8771797199) 711 977. d 11777199 11791

9177777179 9777949177 999.
. 877977979 91179717 (1,) 1711. 9. p. 1. 119911 11191· 8919771777 (8771974199) 711 9771 11717 (71719917
mm amm ·
8779779 (8779719), 711. s. p. 1. 89199197199 99. 8477979 (891979) arma
.. .. vil. s. p. d. Ptkunbw 799 19 sunnin 111917 (19 arm. 11771797 77.
.. -. vil. 9, p. 1. 8717199777 479. 8979947979 (8917979199) 711

« 19 8779779 nobil. 19 arm. zulora 999. 38138018 111 81) (11101113 3111101133 588

8779779199, locus in vil. 1179917119 199. 8477179711,17797.7118177711797197 99.
9779777779 (8779717177) 711. 9. p. 1. 0171791777 994. 89717917 Philip. 19 1177977777 199.
- - 711 9. p. 1. 89171917 199. 8777794, 911 9 p. 1. 1197971479 44.
8777977717 (8779717171) 711. 9. p. d. ’19997 999. 8779911794, (8799117) 911, s, p, d, smum n
8777777917 1917917. 7791711 994. - 77. .
87719919 (8777979711) 711. 877919, 87797179, 87797179 (8779179) oppid 997. 797.
877171979 (87777977) 711. 9. p..d 897197199917. 113318 311 181. 444. 449. 499. 479.
Ιηῃγῇοψγοιορῆγῦ, 77771 anssoszyoe 797 8141148781 71011811. (Κ11111811181) 888. 388.
87799979791979(8777797977199) vil. s. p. (1879 5131011111 1108181101· (1119101191 SM) 741
717717 199. ι 87919 (8178) 711 9111777.
877791791719, 711. 9 p. 1. 1197977199 44. ⁸5⁸¹· 180197 (111917 891777) 711

, 87799191, 8779911791 opp. 949-949. - 1117747 (8178 (117777) 711

19 87799191( 81717191. 77191799 991. - 1179777 (nim 1177777) 711.

. 8779911979, 711977. 1. 09179799 499. - 8777971477 (81719 1177779) 711

87799119797179 1119177 (8179919917 11917), 711 9. 8111091989177477. 7111979πί99 79.

p. 1. 87799191( 947. 949. 877191191777 914.

877779, fluv. 959. 979. 8798991979, 87711977α7(81911797199)711
877979797, 711. 17. 9. p. 7779779 opp. 8917119777 979. 8791199917197779 1119977777 979.

- 711. 9. 77.,1. 19177199 479. 477, 9771917979 (8191919799) 711
8779797997997 (8997979771) 711. 9. p. d. 847717 8791917974 (Βίὼ 111997) 711.

opp. 971. 87717 (19997791 (81717 11919191) 911
877797779, 8777777, 8777997777 maior et minor, 87979, 9917997. 711179 (1977167 997.

(8779771717 791779 1 7191777)Ι 711. 9. p. 1. op· 879999911117, Β71797911117(Βί1)97991717)9717

99. 199. 8747177799, 71117. 9. p: (97779 opp) 944.
8777997177979(8779977197) 711. 8791797919, 711 9 p. 1 077919 (777779 17977) 947
87779919, 8777991777, 87779717 (8777917) vil. 17. e. 8797147179 81777171 (199779 1897777779 991. ’

p. prope opp. 17919 979-999. 8797779, 711 9 77. 41 81977197 (77779 9. p. (119
8777779719 (8777979711), 711. 9. p. 1. 17919 999, 797799) 199.

799. 7777471777, 8717777 (8117197711.
8997799879199, 711. 9. p. (1 1177919197 979. 19 8717771 John. vexillifer 8777197717. 999
8777717717, 8997779177, 19 arm. 8179779 19. 91. 8797717994(819917(17)711. .

94. 97. 779. 979. 909. 19 8799174794 19797917 19 97777. 8977917 979.
87971994, 711 (9. 77. d. 01771199) 197. 8799199917191799 presbyt 9
87797779, 711 9 77. 1. 81791777 91 fluv. 89179 119. - - 19 nm 897919 449.
97177979 (7), 711 991. - 117991 (19 am 197719 499. 477
8911979917 19 7779 1197777199 990. 991. 19 87997 84711919.

8917199179791979 (871719797199) 711. 9. 771 Gar· 87977717 m 9.

79919 417. 9791791914947974,-87971777917991799 (91717717

19 89171797991979111991. 19 77791171717771 497. 7199) 711.

 

