11

0110111 01111011 (0110121 0121112111), 111. 11. 2.(01111001012101,01110021002001 (10 0110. Q

12111001 oppid. 11111101 212-014, 222. 224.
425.

0110101 1411110111 (010101 2121011) 111211. 1. 011-
sko 070. 0711. ³84 11011.

0110111, fluv. 272. 222.

0110111021 (0101οη) 111.

010110021021, 10111102 10 2111. 1121111111 224.

0110012010 (01011211) 111 2. p. 1. 10111211 247.

0110100ιο, 111211. 1811220011 221.

01101111, 1112 p. 4. (1101111111 272. .

0110111111 (01011111) 111 1 2. p. (1) (0. p. 1. 010-
11111) 270.

0011101010(011121101)111. 2. 0. 1. 00121 272.

0111111001111, 12 11111. 0111210112 422.

0111111010121111 21122000121201101211 12 2112.
2112110112 402 .

0111101111 (0112112011), 111. 2. p. 1001100112
277.

0111110100, 0111212101, 011202110110) 111 2111.
0001122011 402.

01111110010111 10 2111 0111210112 222.

0210111111 12 arm. ’110001 220’.

0111111012, 111. 1 0. 0. 111112 000. 11120101 etwi-
21100 171. 271.

0110211111, 0110112111 (0101111211) 111. 1. 011.
01002 000. 1100111111οα 220. 221. 220. 402.
420.

0110212011111 12 2111111202 220. 221.

0111011010, 111. 11. 2. 0. 01002 11111000 202.

01110101102 (011022022)111. 201. Β120211 121.

021010200011101 (0111120201101) 211. 1. 1. p. 1110-
pe 21211212 104. 122.

0111010201, 0110002121, 011022021οΙ 10 01111. 0210-
12 211. 222.

0210102120 (0111220112) 111. 4p. 4 00111611
4111.
0111110101, 11112112 22.
0110111001020(0111121011100)111 2. 0. 1. 011010-
11100210.
0111011000, 111. 2. 0. 1. 1112001120 117.
. 01101211 (01110212) 111. 2 p. 1. 1110121100 44.
0111000110) 111 4 0. 1 11210111 01211 212.
- Ρ111111011110) 111201. 112010 224.
0111201610, opp. 42. 122. 102.
- 1112121. 11120101 424.
-· 1112. 11. 1. 00121 212.
- 1111. p. 4 10011102 01002 000. 0110-
101247.

’ 01210000101212 in 11 0111011010.

. 0212111110101020(011211101100) 111 4 p. 4 00-

chama& (011202101102) 111 2. p. 1. Τ11-

01110Ὦοοῗ3011ωο01 0) 1112. p. 1. 00011·
2201 402.

Ι 21232111110101111.

1112 000. 001. 400. 440. ,
0111110111 (1) 111 222. ·
011120011010, 1112 111. 1101111212 11010 271.
0112101100οᾱ, 111. 20. (1 1101111211 11011271.

0112010000), 111 110. p in 11000 0110211411..
011001001101 (2112010100) 111

0111201001 (11120101) 111 -
01121111000) 111 4 p 4 1110111102 247.
0111111111 10 01121221210211 222.
- 10 1121. 1110011110 220.
chwaozymyoeh (1101111021) 111
0111001111, 111 propo 2011011111212. 212. 412.
0100100100, 111 4 p. 4 1111 422.
0111020 120101 (0111002 11110111)111 2011121012»
111122.
0111010 2111101 (0111οη 11012) 111 4p. 4 021212-
161122. .
0111111021, 20111112 27. .
0101010100,111 1. 0.(1012111201110024.
0120100100, 111ι 2. p. (1 1101010120 122. . ,
011101, 11. 4 p. 1110121122 111. ’
0101111010, 111 2. p. 4 1110111010 170.
0100201111, 111 2 0. 4 1111010101247.

010011011010100,111 4 p. 4 0110012110 212.
0100101211, 111 4 p. 1. 11111111 227.

0100101112, 111 110. p. (1110 000.) 222. 274.

. 010011, 1112 p. 1. 1112010 222.

0110111, 111 2. 0. 4 01001110 127. .

0111211201, 111 4 0. 1 1101010110 411. 222

01001110, 111. 2. p. (1. 111100 (nunc 1. 0. 0.)
289.

0100010100, 111 11 0. p. 01002 01011011 122.

0101100100, 111. 4 p. 4 1111101210 222. ·

0111011111 (11010021) arm

0111011111 (71211011)οω
0101011 0101112111 (100101. 0101011 222. 220. 221.

- 2111121120. 241. 040. 040. 004. 000. 101.
011110, 111. 4 p. 4 1111022102 (711110 11. 0. 0)
419.
01111001 (0112101) 111 2 0. (1 10010111101221.
01111101, 111 211. 11 2111121 417. 412.
0100101110 Β21110111101102 01101111 112.
010110, 0111110 11111 22002 101. 102.
0101121111 (10002011) 111
011101111110 (1101112) 111
010021 (1110021) 111.
01000020 (1112010111. ,
0111111111 10 mn. 8112011111(110122112111)202. ·
0110112 (11100212) 21111111. 012001122.
011101101010 (1112220161) 111
0111111111, 21112 01200. 14. 12.
0102102110 (1110111010) 000.
010011 10 0111. 11011102 222.
01010 (111012) 111
01010101 (10010112) 111.

3

 

