[1118111111. de 1181118111, plebanus S. 81811111
‘ 11 0118811818. -
- 8181181 18 1181111111, 881811. 0188811111. 141

,, 11]

11811Ξ81811(1), 111 1. (1.1 11111111 111818 ’181ι
n W 1³5.

1188111811 1188111 18 1111281818 114.

- 8181181.1118188.1111>1881111611,188111188181 18. 1118111111111 1181111811, nobilis 881. ¹

- , 11811118, 1118181 111. Β8111 188.
11111111, 8118118 884.
1111111181, 1111111111, 1111111111 (1111111111111
81811881 (1118111111) oppidum.
Rlozow (11181111) 111.
1181881111 (1118118811) 111.

1111111818 (1181111881 111.

111811811818 (1818181188) 111
3118188181111881. 88118111. 0118811811. 118.
“ 18 11111111· 28181118 81 11811181 111.
18 1111118111, 1111881811, 18 1111181811, Β1·

1111181811 (18 1111111881) 18111. ·

1181811181 18111111 presbyt 881.
11811111 (11811111), vil. 111. 1. 0188118 188.

’ 1181111Β81181118111,1118818111. 11181881. 418.

1181111180), vil. 1. p. 1. 1111811181 188. ·
1181111811 (1), vil⁸ 1 (1.1. 1118881111 m.
11818111 (1181118) 11111 181.
1181811880) 111 887.
118118, 111 11. 8. p 118118 0111811188 488. 418.
- 111 1. p. 1111111181 488. ’
- 111 8111. 11111111 111.
- 1111111 1111111811 (1118 8111
Ι1811111) 88. ’
(18 118118 111181118811. 1111118811 111. “
1181881 1118111 (11818111), 111 81). 1. 1111811811
533. ’ ·
1118111111 (1), 111. 8 p. 11 1181111181 88.
1181818811 1118818111 81 Petrus 18 1111811811
190.
1181111118, 1111. psl„ Β11111181 (181811). 1 811·-
1111) 178. , ,
— 11111110111811188188.
11811881 John. 18 8111. 11118118 888. 8811.λ

, - 1818111811111111 11111111888.

118118,111. 1. μ’ 1 1111811188 114.
mmmm, dvi Omnia 1. ’
1181111188 (1181111118) 111 .
11811, 118118 (1181811118 184. 181. 881. 884.
142. “
118111 1888111, 18 8111 11818 881.
11881818 8181181118, 11811118 417. 411.
1181111811 (1181181188) oppidum 488.
·- (1), vil. 11 e. p. 141.
11881, 118188, 118888 Albae, 1188111111, 118818, 118·
8888, Rom 11118 (111118) arma.
1188811881111 18 8111. 1118811118 858.
1811118811,1811188181111 11111 888.
8888181118111181111 Lis 7ο. 88. 88. 81.
18 11811188 1111818, 11881181181. regni Ρ8181.
410. “

1181188811 18 1111 0118111118.

1181188111 (1188111811), 111 1. 111 Ρ111111111 488.
1111111811 (11811811), vil.

1181118111 (118818111111. 8 p. 1118118881.
8811111811 (1181111188), 111 8. p. 1 1111111111 474.

11811811, 111 1.]1. 1 0181111 81 1111111818
272. 27⁵. '

11811 8111111 181111. 1181111188.

’ 118111111881111, 188111121111118Β181888. .
8881111111),11111111181818114-101, - .

881111881811 (1188181111 111. 1 111. 8111111118)
[18181111 (1181111) vil. ,.
18111118ιά1, 1181111888111 18 mn. 111878. 88.
nom} (1811111111

1188111111, 11811111 18 8111 181111 881. 411.

1811111811 1111811811 18 11611, 18 1111 Ζ11818 -

11111111. 1811818111( ’
11811 (Iusta), 111 1111. d. Ζ818111 811. 488.
ψ- Nimbus 18 118811111811188 88.

-· ‚ 111881 Rom (3⁶2ch m
1181111, 111. 1. p. 11 11811118 8111188118 118.

. - 111111101181111888-854.

11118181, 111 1. P: 1111111111 78.
111118 11111 Poma, 11111 18. 81-81.11.118.111.
160. ³28. 844. 178. 070. 883-181. 000. 410.

· 448. 452. 410. 461. 401. 151.

11181111181111. 11111188. ,
11811, vil. 1. p. d. 01811111 188. 148.
- 111 1111 1181111188 418, 411.
-“ 1111188818, 111 8. 111 818188118181.
110.
- (1), vit 811. 1818811811 881.
- 1111111 (11111 11181118) 111. 111. 1 111811·
1111 811111. 818.
1181181, 111 h. 8. p. prope 1118188πί88 88. 81. -
-· 111. 11101181811871.
- 111181 1. 18. Α
1111881811, 1811111 888.
18 nudi 18181. 8111111111. 18 1111. 111111 181.
fludio, 111 811. 1111111111 181. 174. 111.
- 111 8 p. 1 11811181 888.Ι
8111111), 111 8 p. 1 1181118881 171.
11818111, molendinum in vil. 1111181111 478.
- ’ 111 8 1. 1. 1111118 887.
- 11181111111118181811.

1111111811. 11. mmmmm wion·- ’
·- 11111111811181111818188888. 8811,
- 111111. 1111118181.

- 111 1. p. d. Ρ8111188418. 411.

 

