mv

’ 8115155511, 1155515 85115151) 115. 81155555115555(81555105155)511
81151155155111551185511551115511. -· (815555155155) 511
Ι8111151555 (81555155) 511. 5. p. d. 1151111051 414. 81155511515(8115111051)511
811555555555 (8055505155) 511. 5 p. (1. 1110551155 8115555155 (81155565) 511.

455. 8115555551 (8155555011) 111

, (15 8115116111 1511515555, presbyter 20. 8115511511, oppidum 151-155.

8115155 (8115155), 511. 5. p. d. 115511 11151115 811551551155, 51115 5. p. prope 0551151 545511,
· (1151155 p. (1.055510115555155) 545. 555.
8115551511, 511. 5. p. d. 1115555 (555511. e. p. pro - viL 0. p. (1 8155551115 151..

pe 1151105155) 151. - · 111 0. p. (1. 111115155 551.
8115515 1515555155 (1511555555 115. 81005551155115, 8151555555555, egri 511 5551 Za.

' 8115511551 (8155511051) vil. 15551155 15. 200. ·

81155115111555 (8551155155) 511. 8115115, 51115 5. p. prope 1551515551515. 550-
81155155155 151155. 5111155115 8055515155 115. 502.
8115511651, 511. 5. p. (1. ,155155 550. 555. 450. -· 111 0. p. d. (1515555515 51.
-’- 511. 5 p. d. 11515551 51 d. 1155151515 ·- (Socha 11515), 511. 5. p. (1 01151515.
11515015555511110155651) 555. - 11151γι (Socha 11515), 111 5 p. (1. (155
811551150155, 511. 5 p. d. Kosooico 15. 1515555111 550.
, 8115555111, 51111. 5. p. 15115 051515181555051 8151551555 (85515155, 85155555) 511 51111015

022. 020. , 15155410.

8115555555, 8115550555 (8155555515) erma 105. 8111111151· 11515511), ’511. 5 p. (1. Demboo 111.

020. 550. 515. 515. 515. 555. 555. 455. 115. 85515515, 55515555 (1515155) 511

400. ἱ8115151511 (8551511015) vil
8115555515, 511. h. 5. p. 111115 1101115055 51 111155 8511111155 (8551111515), 511. 5 p. (1. 11151511 551.

555, 8551151515 (8551101515), 5115 p. (1815155155 5551
811551555 (81555155), 511. h. e. p. (nunc s. p. d. (11115055. (1.15151511155) 550.

01515155) 555. 855151555550110555 515.
” - ,155511 (81155155), 511. 5. p. 0. Booho· 8551151560, vil. 5 p. (1. 85555011 510-111
1111015511. 000.
— Meloe (805515511151115), vil. 0. p. (1. 8111151 (851151) vil. 5. p. (1. 0515551515 55111·
1111051 (5555 h. 5. p.) 172. - ‘— 111. 5. p. (1.151115111111.
- 11111151(81155155 11515), 5115. p. (1. 111- - (85151511)511. 55. (1.1155511551115511.
tow (5555 5. p. 1181155155 Wielkie) (15 811051, 85151515, 8511015515 (15 5151111151
172. 65. 78. 403. 217. 424—420.
8115511115, arma 11. 11. 11. 15. 10. 00. 00. 104. 8515555511.55111155111115111111.
100. 100. 112. 120. 120. 101. 102. 100. 110. 8511555555515155555, agricola 151. 511.
’ 115. 115. 155. 112. 100. 210. 200. 200. 200. 8515511515,511.1.5.1Ι.55511555 100.

200. 200. 511. 210. 200. 002. 000. 002. 115. 85111551, 511 5 p. 11. 51551515 201.

(15155450. 81111155, arma 000. 545. 001. 155. 010. 000. .
8115551555555 11515 5111151115, 511. 5. p. (1. 8155- 002.

1051 (nunc 0. p. (1. (1515505) 151. 8511551551 (8151155051) 511.
81155115555115Τ1555555, episc. 015555. 114. 801151501555, 8511555555 (8515155155), 1111
8115555115511515 (Strzeszkowicej vil. 5. p. prope Koprzywnion 515. 515.
8115515115511115 1155115. 1551555δί55 200. 851151555151155515. 8155515115 15. 51.
8115555115515555 (Τ555551551155) 511. 851151555555 (8511155155), 511 5’ p. (1. 8555515
8115555 (15 orm. -Kyozka, judex 155. 515115. “

81155551515155,,511.5 p. (1.1155151551515 510. 8511511551155,111. s. p. (1. 1155015 511.
81155551551511515501155 81. sunnon, 511. 5 p. (1. 11051011 515. 511.
811555515515555 (8115555155155) 511. 0. p. (1. 11515- - . vil. 0. p. (1. Ρ10111051155 555.

1555155 51. 85. 8511551555, 8511515555 (8511551155) 511
Ι 811555555551155(1.11155511155115. - (81111151) 511
8115555511 (81555105) oppidum. 8515151505, 8111555555 (8515555115) 511.

(15 8115555111, 8155555551) (15 5515. 015515 155. 8515551511 (85105555) 511.

8115551551 1115150) molendinum 510. 81115111 (851611) 511.

8055555νί555 (8555155155) 511. 85151155555115, (15 8511555155051511555155111
8115555515115 1155555.15515551)155 510. 541. 515. 11555 511.

 

