. ⁸ uapor-sky (Nrpprrki) 44 arm. 044414 474.

ιω..

myrum, 411 14 4. p. (44444 44.(14441444444441) 1144444414 solum 44 (114440444444 44 44444144-

444. · por 44.

’ 4444444444, 411. 4. p. 4 Hieron 114. 110. 11444444 Zenon 44 tm ropor 44.
1144444444 44 0444414444, 444444. 1144444144. 41. 41.
Ν, Ι 1114444444 magnus 444444 474.
“ - 44 nm Bipennium 44.
1441444 (11444444) 44444 444. 144. 444. 444. 444. - pomer 44 Boporir 444. 444.

444-444. -· 44 0444444444, 44444444 4.
1144444441144144444 (11444444414) 411. - , 144444 44 4444141 44 4444 1144444444
11444444444441444, Namphamo (1114444144144) 414. ’ ·
“ 444 - ,444444444444 444444444ιὶ44 444-

11444444444444 (1144144144) 411 400. .
, John 44 11444414 44 arm. Gryf 147.

11444444414, 411. 4. p. 4. ’.1444111 447.
1144441444), 411 4 p. 4. 1144414144 144. , sohar 41 8444141. 414 arm. Gap-mh
1144441444, relicta 44444 filiis (14 amr. 1444444 417. 41.
1144444441 (11444444) 411. ’ 44 44444 Η444444 474. 414. -
1144404441444 taberna 14 411 (1144414444) 444. 44 1144414444 44 4444 11444444 414.
uapnoyow 4114444104), 4114. p. 4 4114144414 444. 44 arm. 144144 44.
444. 44 4444 444444 presbyter 444.
44 Pru-ur 44 4444 «144144 440. 444.
44 Petrus 44 arm. Jrrtrrpbiec 474.
44 44144441 44 arm. 11444144 111.
laurentii 44 8444444414, presbyt. 444.
44 1444114, presbyt 44.
plebanus 144 11441444 447.
44 1114444414 474.
44 4444 0144444441.
44 044014 41.
44 prm. Pobbg 114.
4414441441, presbyt. 144.
44 nrm. 14444414 100.
rector 4441 14 1444444444 440.
1144116444, 411. 4. p. 4. 44444444 444. . . plebanus in 1144444444 444.
1144144144, 411. 4. p. 4. (1411144 444. 4144. dux thiborienrir 117.
1144444444444γ444, 114444444444444444, 1144444444- - 4444444444 44.
444444 (114414444πί44) 411. 4414144444 44 4444 4414444444 74. ·
nnrryrow (4144111444) 411. · 44 144144 114 rm strepa 107.
11441144 14444144, oppidum 44 1144444444444 174. (844414πί444) 4444444144 444441 114444
1144γ44441444441444.(11441444044144) 411. 4144 414.
11444444 444444 44 arm. Topor 10. - (1444441411) 44 arn). ’14444444 401.
11444441444444444,1144444444444444,1144444144444444, - vilhelmi 44 8444441414 414.
1144444444444444, 44444444444444, 4144414- - plebanus 14 24144444) 440.
44ο441444 (11441444ο4144) 411 11144, 1144414444. 474. 444. 444. 444.
1144414444444 (1144444444) 441. · 71114444, fluvius 444. 444. 441. 444. 444.
11444γ44 44444 44 04444444, de 4444. Topor 10. 1144444464, 411 4. p. 4. 1144414144 444.
414. 414. 411. 11144444, 411 4 p. 4 1144444444 401.
11444γ441ο444. praeposit. 1141144144. 414. 1114414444,14444 447.

- 1114414414, 44 4444 Topor 41. · - 4114444 offinor 404. 407. 404.

- de sznicze 44 arm. Topor 404. 407. 1114414414ν4144, 411 4. p. 4. Turzppy 447.
1144441444 44 114444444444144, 44 4444144444 444. 1114444444, 4114. p. 4 0444141444 444.
1144444ιί444, 11440444444 (1144444144), 4114. p. 1114444414, 44444 414. 417. 440-441. 444. 444.

404444444444 444. 444. 444. 444. 444. 444 444. 444. 444. 474. 444. 444.

114444γ44444 (1144441444), 411. 4 4. p. prope 114- 444. 441.
g ry 4444 444. 414444444444,444 4 p. 4. 04444444 444.

1144444γο444414γ 44 44144 8444414οή400. 1114444), 411 4, p. 4. 111414 Solae 147.
’ 1144494441, 144444 14 411 1144441144 100. 11144444144,411 4 p. 4 4441444144.

mr. 34444444 ’1444 11. 11

1144444444), 411. 4. p. 4 1141414144 147. ·

1149444444 (1144444444), 411. 4 p. 4. 4444144444.
m ⁴74.

11414γ41,(1141414) 411. 44. p. 14444 1441444 44 Sme-
kocinypns. 114.

11414444 (Nuper) 4444 444. 444. 444. 444. 444.
441. 412. 447. 1148. 449. 4711.

1144444144 44 arm. 4444141144. 170.

1144114, sylva 44 oppi. 1144141 11141114 410.

114441414411444444 44 arm. Topor 441.

1144144144444444 (1144144444144)41114.4. p. prope
Miechdw 20. 81. 81.

111111111111-1111’111

 

