812222211οηί (812222122122212 522· 822221221222(81212212221221 111.
812221122181221111) vil. 8222112121 (8212112221 111.

8122111222 (8121111121 211. 8122122111 211 h. 2. p. 324.

212122 11122122, 12 arm. 11231221 584. 322122 (22222) 12

8121122122, 211. 2. p. d. 8222122 372. - (8211121211. ’

8121222122, 211. 11. 2. p. 22222112121221222 72- 8212122122112 Paulus, 2121122112 322. 222.

12. 31. 452. 2212112, 211 2. p. 1 12122211 ’422 421.
8121122212, 211. 11. 2. p. prope 12212 224. 821222122122, 211. 2 p. (1 11212112 474.
81222122, 21111. 2. p. prope 1112211112 52. 51. 82111222, 111 3. p. (1 (1211122 322. 335. 322.
8122111222, 211. 3. p. d. 8121122 244. 8112211122, 211 3. p. (11121112 532.

8122212, 211. 2. p. 1. 1211112537. 8222122111 211. 1211121222222 322.
8122211212 woh, vil. 2. p. 1. 11211112 532. 82221222 (8211212121

8122111122, oppidum 42. 137. 122. 222. 82112222121,111. 2. p. 1. Β22112222 575.
8121212112, 211. 2. p. 1. 82122212 110. ’ 821121211211 pp. 11112222 48.
812222,111.2.2.1. 0221122122 (211221. 121111- 821222121212112) 211 2. p. 1. 12212 222.

222222211275. 82121127, 2111. 2. 2. 12122 (11121 2111112122·

8122222122,211.2.2.1.1122121112211121112144. 112132.
81221121, 211.. 2. p. 1. (1211122 232·κ 8212111112(82121121211.
81222212, 211. 2. p. (1. (12111111 542. 8111122211. 2 p. 1. Ρη211221211122 415.
8122222, 211 2. p. d. (1122 11222112 351. 435. - 211 2 p. 1. 1112122121 327. ·
84up44, 22. 1. 2. p. 222 22222122 22 on 404. 8080w4010 (2222222) vil. 8. 21. lmielno 21.
222. 214. 82121112, 211. 12 e. p. 111122 zavichost 21 0221111
- 212211222212422. 424444. 427. 514.
- Ν2212, oppidum 422- 475. 432. 432. 82122122222, 21122 Κο112221122(81211122122)111 .
- 81212, 211. 1. 2. p. (2222 2. p. 1. 8111212 821222 (1) 211. 11. 2. p. ’222.
1122221332. 432. 422. 82122222212(821122211)111. .
»812211,211. 22. 1112121 (22222. p. 1 112111- 82121222222221(8211222111221,21122112-

112122221 575. 2112222 572.

8122122, 2113. 21 82222212 (2222122.) 822212222, 212 prope 02121 oppi. 322.

422-432 2211212212 (2211212111) 211 2. 21 12212227.
8122121,2112.2.1.Ι)21212222222. 7 11.455.821,121222(8211211221, 21111 2. p. 2222222211
8121122211.22.1.(12ο2’2ο(211222.2..1 122122 11111122 412. 412.

442445, 8212122122,21122.1.1111111 (21122 2. p 1.
82122122, ,211 2. p. 1. 0111221212 512. 11222222) 172.

822122221222, 82222222222 (82212221221,211. 821222, 211. 3. p. 11212222122 73. 72.

h. 2. p. propp¹ castr. 012121 54. · 82122, oppidum 48⁷. 555. 572. 574.

2121111222, 211. 2. p. 1 1112222122 222. - 211. 12 2. p. prope 2221 81212122 355. 252.
¹ 8222212122, 211. 2. p. 1182222212 (22222. p. 1. 427. 423. 484.

012222) 422-421. 8211111222 8212222222, 21212 (1122221211 4.
82122122122, 211. 2. p. 1. 8221121222 317. 434. 8212222 (82122) oppidum
8212112222,1112.21111122111123. -— -· 211
82111122,2Ι12.1.122112211 423 12 8212222 11122122, 2112212111 22.

8111122122, ,111 2. p. d. Bobin (21122 2. 2. 11Β122· 821222212121122.2ο11112222.

212 81212) 147. 8212, fluvius 222.
8222222122(812222121221 211 8221211221 (8221211111) 211

- ,2112 p. 181212122442 82212122212122221. Ρ2112212 431. 422.

12 8122221222 1211-22, nobilis 422. 82221, 211 21222 2221. 1112112 327.
821222122222222, 2211122 12 arm. 1222212 442. 8212122, 2112. p. 1 1121112221ιὸ2 (22222. p. (1
, 822112122222, 12222111112212412. 1112122121222. 223. ’

· 81221122, 211 3. p. 1. 22122 (22222. p. 1. 1121- 8212122222,2113..2 1112222222122 321.

2222122) 222. 8122122 (8212122111
8122Ιὶ22222, 22111122 12 2122 1121122 521. 82222222,211.2.2.1112212211221122 132.
8222122122, 2112. pd. 112221222122 2. 73. 8222221222, 32122 33.

8211211121, 211. 2. p. 1. (122212 11121112 42. 822222222121222212122112113.2..1Ρο11211122.ᾗ
Smup, 122112 12 211. 1112222 431. 82222112, agri in 211 12122111 444. Ι
82121211, 2112. 21, 822221222 112. 8222222122, 22122 33.

11111122. 12122122 11. Ι 16

 

