,X

0100777777 (modain) 711 0777771777, conaelyocz, 077707717717,007η]7
clonowym (1110707100) 711 17707 (1171010100) 711

0177077 (1117077) 711 0070771077(1)711 777,

onumen (1117077700) 711. · 0777771077 (1077771177) 711

01777077 (1110767) 711 consonate„ (1107770107) 711

0177117170) 711. 7. p (1. 1171077700 458.- 0077777707 (1107777707) 711 ·

0170777077 (1110077707) 711. 07111 (1101) (107777 Ρ11777 177.

017771077077 (11707107100) 711. 0707777770) 711. 7 p (1 [71710100 177
0177771177017777711707,0177177107, 01777777- 0017717 (1107771077) 711

, 11707 (1111707771077)711ι - ,,0077170 00777177 8170007177 (10771
0177771107717, 01777771077717 (1117707107-010707177)711

· 7171) nobil. ' 0711771717 (11077107) 711 .

017707777ηο7 (1110770701οο) 711. 0711171717 (11777167) 711

017777711711017 771711. 311. -· 71177 1171777, 10077 17 1117707 41.
clymyumhowyozo (Klimontowice) 711 0077107717 (1077107711) 701711

01777777 117177 (1110707) 711. 0717717177 1110177 (1107717177 11017) 711.

’ 4- 111777 (1110707017) 711. 00777077 (11017707) 711

01700777707 11017711 (1110707170) 711. 07771( (110771) nobil.

07711177, 711. 7. p. d. 1177707170 707. 140. 0071077177, 0071707717 John 777, 524.
07111771, 00111777 (1101771777) 711 0771777 (1107117) 711

(10 0717111777 11711177, 77171177. 107. “ 0070777177 Andr. 770.

0711177717 (1017171711) 70111 0777771771 (11071771077,1(07177107171)077. 01 711
07777777), 00777717 (7717171111 711 017771Μ170070717711177111

00177717 (110171οΙ7) 711 10 07770717 monuimus 7.

0707777077 (1177777077) 711. · - 8177171777, (110177 Post, 1700717.
07077177 (Koch) 0771 077007177717 81177077οὠ07αῄ (1177107771)
00777177 (11007170) 711. (10 Am ’10707 170. 171. ·

00777777, consul 077007107 107. 0777017117 8177171 0101777 477

0017071070, 0017077070 (1101707700) 0071077707 (117000) 711. 011177. ·

001707107717 (1101777107711) 7017707. 711. 07077· (17 0777701777 1177107 (10 nrm. 107707 471
7700 177. 077707 01717 0770777.

0010170777 (1101117717) 711. 0777777777 (1177710717) 711

0011771077 71177 11777170) 711. 7. p. (1. 077110· 0777070777 11101770)711. 7 p. 1 zum, 771.
viee 525. ³62. ,

0717707071077 (1101771071οε) 711. (10 07770710177 10 777. 17170711, presbyt 711.

07777017077 (1077777071711. ’ 0777117710177 10 07700717, presbyt 7.

0077777717 way· (1177777177 11017) 711 07777 (117077) 701711

007777 (1177777) 711. 0717117777 0110001777 (10 am 1171777 110.

(10 00717 (10 110717) 17771017 nobil. 111. ·- (10 7777 11777771. .

0777771077, 0070077077 (1107007107) 711. 1007017007111701 presb. 400.

(10 0000177117 nicolaus, 7117717171 7. 07077777 10001 01717 077007. 7.

(10 07777077017, (10 0077007001χο (10 1107107001) 0777771777 (1170770107) opp.
nobiles. (10 0777771077 ((10 1170701071) Petrus 114.

0777777177 (1107117171) nobil. cropidlo (17071110) 711 .

00077717 (Κο717017) domus in 1110110717 177. 0707117777 (0177071777) 711

00777777 (1177177777) 711. 0777711οΜ17 (11777ήο77711) 1110717101 (10 7777

007771777777, 007777771077 (1077777107) opp. 0170777 707.

(10 0077777707ου 101777. altarium 4. 07777771, 7707 17 07701. 11777771οπ77» 173.

0077777777017,0077777777717(11077777717717) 07777107717 Andr. (Kmszlowski) 7707170777
fluv. ’ 077007. 1117.

0077707 (11077177) arma. 0771177 Erasmus, nobil. 157.

0077117170 (Κο771170) nobil. cmibly, 10077 17 opp. 110αο177177 379.

00777707 (1107707777) 711. 07770771777 (10 1177077771] (10 7777110170, 771·

0077707177 (1107701711) nobil. 7177107 117.

00770771( (1107777017) 71177 iu 1117700 417. 0777777771οη (770717710077

 

